350281.0	1682.30	542.60
350283.0	1685.40	542.00
350285.0	1686.40	540.60
350287.0	1686.40	540.60
350289.0	1685.80	541.10
350291.0	1685.30	538.70
350293.0	1685.00	537.50
350295.0	1684.50	537.00
350297.0	1684.90	536.40
350299.0	1685.60	535.80
350301.0	1685.70	536.00
350303.0	1685.90	536.40
350305.0	1685.30	536.70
350307.0	1685.00	536.90
350309.0	1685.00	536.80
350311.0	1684.80	536.90
350313.0	1684.30	537.00
350315.0	1684.00	535.80
350317.0	1683.90	536.00
350319.0	1681.50	536.70
350321.0	1681.30	536.90
350323.0	1681.50	536.90
350325.0	1681.80	536.60
350327.0	1682.00	536.70
350329.0	1682.80	536.60
350331.0	1683.20	536.20
350333.0	1683.40	536.30
350335.0	1683.10	537.10
350337.0	1683.00	537.30
350339.0	1682.70	536.80
350341.0	1683.10	537.10
350343.0	1683.20	537.20
350345.0	1682.70	536.60
350347.0	1682.50	536.80
350349.0	1682.70	536.80
350351.0	1682.70	536.50
350353.0	1682.50	537.70
350355.0	1682.40	537.30
350357.0	1682.40	537.20
350359.0	1682.30	537.30
350361.0	1681.20	537.50
350363.0	1681.50	537.90
350365.0	1681.50	538.00
350367.0	1681.50	538.20
350369.0	1681.70	538.10
350371.0	1681.20	537.90
350373.0	1680.70	538.20
350375.0	1680.10	539.40
350377.0	1679.20	540.10
350379.0	1679.30	540.10
350381.0	1680.00	539.90
350383.0	1679.10	540.80
350385.0	1678.30	541.80
350387.0	1680.10	541.20
350389.0	1678.90	541.00
350391.0	1679.20	540.80
350393.0	1679.60	540.70
350395.0	1682.50	538.60
350397.0	1676.70	539.20
350399.0	1664.20	541.10
350401.0	1632.60	545.60
350403.0	1588.90	551.50
350405.0	1530.90	560.00
350407.0	1470.50	563.20
350409.0	1406.50	568.40
350411.0	1345.60	566.50
350413.0	1286.70	563.40
350415.0	1230.50	556.40
350417.0	1179.60	552.80
350419.0	1132.10	553.80
350421.0	1087.20	557.30
350423.0	1044.60	562.30
350425.0	1006.00	565.80
350427.0	968.40	568.00
350429.0	936.60	567.40
350431.0	905.20	566.60
350433.0	883.40	565.30
350435.0	869.90	566.90
350437.0	868.80	567.60
350439.0	873.30	569.60
350441.0	880.20	569.30
350443.0	886.00	566.00
350445.0	893.80	562.50
350447.0	896.30	561.20
350449.0	894.70	560.20
350451.0	888.50	560.20
350453.0	882.30	560.70
350455.0	876.50	561.30
350457.0	873.80	560.90
350459.0	873.10	560.00
350461.0	874.00	560.90
350463.0	876.90	560.90
350465.0	879.50	560.80
350467.0	880.20	560.50
350469.0	880.90	560.40
350471.0	882.00	560.20
350473.0	882.30	559.70
350475.0	880.60	558.80
350477.0	880.70	558.70
350479.0	880.80	559.10
350481.0	879.30	559.50
350483.0	881.40	559.40
350485.0	881.90	559.00
350487.0	881.80	559.10
350489.0	881.40	559.90
350491.0	881.10	560.10
350493.0	881.20	560.20
350495.0	881.20	560.40
350497.0	880.30	559.60
350499.0	880.50	559.10
350501.0	881.30	559.00
350503.0	881.50	558.80
350505.0	883.40	560.70
350507.0	884.10	561.70
350509.0	883.80	562.60
350511.0	884.30	562.30
350513.0	884.70	562.40
350515.0	885.00	562.10
350517.0	884.70	562.30
350519.0	884.30	562.20
350521.0	884.40	563.00
350523.0	884.30	563.70
350525.0	884.10	564.10
350527.0	883.90	564.60
350529.0	884.40	563.70
350531.0	883.00	563.80
350533.0	881.00	563.60
350535.0	882.30	563.20
350537.0	881.90	563.70
350539.0	880.70	565.40
350541.0	880.60	564.20
350543.0	880.60	563.00
350545.0	879.30	562.00
350547.0	878.60	562.40
350549.0	878.60	561.10
350551.0	876.90	560.80
350553.0	876.70	560.00
350555.0	877.10	559.80
350557.0	877.50	559.90
350559.0	878.00	560.10
350561.0	878.40	559.50
350563.0	878.60	559.60
350565.0	878.60	560.20
350567.0	878.30	560.00
350569.0	878.30	561.10
350571.0	878.70	561.50
350573.0	879.10	561.30
350575.0	879.60	560.70
350577.0	879.80	560.70
350579.0	880.00	560.30
350581.0	880.20	560.50
350583.0	880.20	560.60
350585.0	879.90	560.60
350587.0	879.70	561.20
350589.0	880.90	561.50
350591.0	880.40	561.20
350593.0	881.20	561.00
350595.0	882.00	561.20
350597.0	882.10	562.30
350599.0	882.20	563.60
350601.0	882.40	563.70
350603.0	882.80	562.00
350605.0	881.70	561.60
350607.0	881.50	561.40
350609.0	881.90	562.00
350611.0	882.60	563.30
350613.0	882.50	563.40
350615.0	881.20	563.50
350617.0	880.90	563.70
350619.0	881.40	564.80
350621.0	882.90	565.60
350623.0	883.30	566.50
350625.0	883.50	566.60
350627.0	882.60	566.20
350629.0	882.50	566.10
350631.0	882.20	567.40
350633.0	882.00	568.20
350635.0	881.90	567.80
350637.0	883.60	567.80
350639.0	883.50	567.80
350641.0	883.00	570.30
350643.0	882.80	569.50
350645.0	883.20	568.80
350647.0	883.70	568.60
350649.0	883.10	569.40
350651.0	884.10	570.10
350653.0	884.60	570.70
350655.0	884.80	568.90
350657.0	885.00	568.80
350659.0	884.70	568.70
350661.0	884.30	568.80
350663.0	884.40	569.30
350665.0	884.50	569.90
350667.0	884.30	570.10
350669.0	884.70	570.10
350671.0	884.80	569.80
350673.0	884.80	569.90
350675.0	884.80	569.10
350677.0	884.80	569.10
350679.0	885.10	569.10
350681.0	885.00	569.20
350683.0	885.20	570.40
350685.0	884.90	570.00
350687.0	884.70	569.80
350689.0	884.90	569.40
350691.0	884.80	569.30
350693.0	885.10	570.00
350695.0	884.60	568.50
350697.0	882.80	567.90
350699.0	884.10	568.50
350701.0	884.80	569.20
350703.0	883.60	568.40
350705.0	883.60	566.30
350707.0	883.80	566.60
350709.0	885.00	566.30
350711.0	885.50	566.10
350713.0	884.00	566.60
350715.0	885.40	567.30
350717.0	882.50	566.50
350719.0	883.40	566.70
350721.0	883.40	567.10
350723.0	882.80	567.10
350725.0	882.70	566.80
350727.0	882.40	567.20
350729.0	881.80	567.20
350731.0	881.20	567.70
350733.0	881.60	569.40
350735.0	881.00	569.00
350737.0	881.60	569.20
350739.0	881.00	569.60
350741.0	881.10	570.20
350743.0	881.30	570.90
350745.0	881.40	571.00
350747.0	881.30	571.50
350749.0	881.00	571.10
350751.0	881.00	571.80
350753.0	880.90	573.10
350755.0	881.30	572.40
350757.0	881.50	572.50
350759.0	881.00	572.80
350761.0	881.20	573.70
350763.0	880.30	574.20
350765.0	880.30	573.80
350767.0	881.00	572.90
350769.0	881.70	572.90
350771.0	881.70	573.00
350773.0	881.00	573.00
350775.0	881.10	573.90
350777.0	881.90	573.30
350779.0	882.40	574.70
350781.0	882.10	574.80
350783.0	882.20	573.50
350785.0	882.10	573.30
350787.0	883.90	575.40
350789.0	884.80	578.00
350791.0	881.70	582.80
350793.0	878.80	597.70
350795.0	872.70	620.30
350797.0	864.30	645.70
350799.0	856.70	681.90
350801.0	855.60	713.70
350803.0	857.20	738.10
350805.0	864.10	766.40
350807.0	869.30	790.40
350809.0	876.20	809.00
350811.0	876.10	832.80
350813.0	866.30	861.50
350815.0	853.10	893.60
350817.0	848.10	927.70
350819.0	848.80	952.80
350821.0	856.20	979.90
350823.0	872.40	1001.10
350825.0	884.20	1015.70
350827.0	887.40	1033.30
350829.0	887.40	1046.50
350831.0	877.90	1050.50
350833.0	870.30	1053.00
350835.0	869.00	1062.80
350837.0	869.30	1073.60
350839.0	873.00	1082.80
350841.0	877.30	1088.10
350843.0	882.00	1088.10
350845.0	881.60	1084.30
350847.0	880.10	1076.90
350849.0	877.80	1069.30
350851.0	876.00	1064.30
350853.0	875.30	1064.00
350855.0	877.00	1065.80
350857.0	878.40	1070.30
350859.0	879.40	1074.50
350861.0	880.10	1078.90
350863.0	880.60	1080.80
350865.0	880.90	1081.10
350867.0	880.80	1080.30
350869.0	881.70	1078.50
350871.0	880.10	1078.10
350873.0	880.10	1077.40
350875.0	880.00	1076.80
350877.0	879.80	1076.80
350879.0	879.70	1077.50
350881.0	880.70	1078.20
350883.0	882.20	1078.40
350885.0	882.70	1078.50
350887.0	882.70	1078.00
350889.0	882.60	1076.90
350891.0	882.60	1077.90
350893.0	882.20	1078.30
350895.0	881.30	1078.90
350897.0	880.00	1079.10
350899.0	879.40	1079.80
350901.0	878.90	1080.50
350903.0	879.10	1080.70
350905.0	879.10	1080.80
350907.0	879.00	1081.10
350909.0	879.30	1081.10
350911.0	879.90	1079.40
350913.0	881.70	1079.70
350915.0	882.10	1080.30
350917.0	881.10	1080.30
350919.0	881.10	1079.90
350921.0	881.60	1079.80
350923.0	882.90	1079.90
350925.0	884.00	1080.00
350927.0	884.00	1080.00
350929.0	883.90	1079.70
350931.0	884.10	1080.10
350933.0	883.50	1079.20
350935.0	883.20	1079.20
350937.0	883.60	1079.50
350939.0	883.50	1079.50
350941.0	884.80	1079.00
350943.0	882.00	1079.20
350945.0	883.20	1079.50
350947.0	881.80	1080.40
350949.0	880.70	1081.40
350951.0	883.00	1081.20
350953.0	883.70	1081.30
350955.0	884.50	1081.30
350957.0	885.20	1081.20
350959.0	885.60	1081.40
350961.0	884.90	1081.60
350963.0	883.10	1081.30
350965.0	882.20	1081.20
350967.0	882.60	1080.60
350969.0	882.80	1080.20
350971.0	883.10	1080.30
350973.0	883.60	1080.50
350975.0	883.70	1080.60
350977.0	883.70	1080.60
350979.0	883.50	1080.70
350981.0	881.50	1079.50
350983.0	882.60	1079.10
350985.0	883.00	1079.90
350987.0	883.00	1079.90
350989.0	882.80	1079.60
350991.0	882.90	1081.50
350993.0	882.90	1080.50
350995.0	882.60	1080.60
350997.0	882.40	1080.70
350999.0	882.70	1080.50
351001.0	882.90	1080.60
351003.0	883.00	1081.10
351005.0	883.50	1082.10
351007.0	883.90	1082.00
351009.0	884.50	1081.90
351011.0	884.70	1082.10
351013.0	884.20	1081.30
351015.0	884.20	1080.70
351017.0	883.50	1081.10
351019.0	882.90	1081.70
351021.0	884.40	1081.00
351023.0	885.30	1080.80
351025.0	886.10	1080.60
351027.0	886.00	1080.70
351029.0	886.00	1081.70
351031.0	886.20	1082.00
351033.0	885.60	1080.50
351035.0	885.70	1080.40
351037.0	885.00	1080.60
351039.0	884.80	1080.30
351041.0	884.40	1079.70
351043.0	884.70	1080.00
351045.0	884.90	1081.10
351047.0	884.30	1081.30
351049.0	885.20	1081.10
351051.0	885.20	1080.60
351053.0	885.70	1080.80
351055.0	884.10	1080.80
351057.0	883.00	1080.40
351059.0	883.20	1080.40
351061.0	883.10	1081.40
351063.0	884.90	1081.50
351065.0	885.60	1081.50
351067.0	885.60	1081.40
351069.0	885.20	1081.40
351071.0	884.70	1082.50
351073.0	884.80	1081.00
351075.0	884.80	1082.30
351077.0	884.50	1081.80
351079.0	884.60	1081.30
351081.0	884.60	1081.30
351083.0	884.40	1081.70
351085.0	884.40	1081.90
351087.0	884.50	1081.70
351089.0	885.00	1080.80
351091.0	885.50	1080.20
351093.0	885.10	1081.00
351095.0	883.90	1081.10
351097.0	885.10	1081.10
351099.0	885.00	1080.40
351101.0	885.70	1080.10
351103.0	885.60	1079.80
351105.0	885.50	1079.50
351107.0	885.20	1079.90
351109.0	884.40	1080.20
351111.0	885.50	1080.30
351113.0	885.90	1081.60
351115.0	885.90	1080.00
351117.0	885.60	1080.00
351119.0	885.50	1078.40
351121.0	885.60	1077.80
351123.0	885.80	1081.80
351125.0	885.40	1080.40
351127.0	885.30	1079.50
351129.0	885.60	1079.40
351131.0	885.20	1079.70
351133.0	885.60	1079.80
351135.0	885.50	1079.70
351137.0	885.30	1079.80
351139.0	885.60	1079.80
351141.0	886.10	1079.90
351143.0	886.70	1080.20
351145.0	885.10	1080.40
351147.0	885.30	1080.20
351149.0	885.90	1080.50
351151.0	885.50	1080.20
351153.0	886.20	1080.60
351155.0	887.60	1081.60
351157.0	888.10	1081.20
351159.0	888.60	1080.60
351161.0	888.70	1081.30
351163.0	889.50	1081.50
351165.0	889.40	1083.00
351167.0	889.90	1082.70
351169.0	890.40	1082.20
351171.0	890.60	1081.40
351173.0	891.60	1081.50
351175.0	892.30	1081.50
351177.0	892.40	1081.60
351179.0	893.30	1081.80
351181.0	893.40	1081.30
351183.0	892.90	1081.20
351185.0	892.70	1081.50
351187.0	892.70	1081.80
351189.0	894.50	1082.00
351191.0	893.70	1082.20
351193.0	893.70	1081.90
351195.0	894.20	1081.50
351197.0	893.90	1080.60
351199.0	894.00	1080.80
351201.0	892.90	1080.60
351203.0	893.40	1080.40
351205.0	893.80	1080.30
351207.0	894.10	1079.50
351209.0	893.20	1080.10
351211.0	892.80	1080.60
351213.0	892.60	1081.30
351215.0	894.10	1081.60
351217.0	893.90	1080.20
351219.0	893.30	1080.90
351221.0	893.50	1081.00
351223.0	892.30	1080.30
351225.0	892.20	1080.30
351227.0	891.70	1081.60
351229.0	891.00	1080.70
351231.0	891.50	1080.70
351233.0	891.90	1080.70
351235.0	891.90	1080.00
351237.0	892.00	1080.20
351239.0	891.50	1079.90
351241.0	890.60	1079.90
351243.0	889.90	1080.10
351245.0	889.70	1080.70
351247.0	889.40	1080.80
351249.0	890.10	1080.10
351251.0	889.60	1079.80
351253.0	889.70	1079.70
351255.0	889.80	1080.30
351257.0	889.80	1080.30
351259.0	889.40	1080.20
351261.0	890.30	1080.40
351263.0	891.90	1080.40
351265.0	891.90	1079.90
351267.0	891.40	1079.70
351269.0	891.60	1079.90
351271.0	891.20	1079.80
351273.0	890.70	1079.90
351275.0	890.80	1080.00
351277.0	890.80	1078.80
351279.0	891.00	1078.80
351281.0	891.80	1078.50
351283.0	891.80	1078.20
351285.0	891.00	1078.30
351287.0	891.00	1078.30
351289.0	891.00	1077.60
351291.0	890.80	1077.20
351293.0	890.80	1076.60
351295.0	890.70	1076.60
351297.0	890.50	1075.40
351299.0	891.40	1075.80
351301.0	891.80	1075.70
351303.0	892.10	1075.00
351305.0	892.00	1075.00
351307.0	891.80	1074.10
351309.0	892.20	1074.10
351311.0	892.40	1074.10
351313.0	893.00	1074.30
351315.0	892.70	1075.20
351317.0	893.20	1075.70
351319.0	893.90	1075.50
351321.0	893.20	1074.80
351323.0	892.30	1074.60
351325.0	892.90	1074.70
351327.0	893.00	1074.40
351329.0	893.20	1074.30
351331.0	892.60	1073.30
351333.0	893.70	1072.70
351335.0	893.10	1073.00
351337.0	893.30	1072.60
351339.0	892.90	1073.30
351341.0	892.20	1074.50
351343.0	892.40	1073.30
351345.0	893.00	1072.90
351347.0	893.00	1072.10
351349.0	891.50	1072.00
351351.0	892.00	1072.10
351353.0	892.20	1072.20
351355.0	892.90	1072.20
351357.0	893.10	1072.20
351359.0	893.30	1073.00
351361.0	893.30	1073.10
351363.0	893.40	1072.30
351365.0	893.50	1071.50
351367.0	893.60	1071.50
351369.0	893.90	1071.70
351371.0	893.60	1073.00
351373.0	893.10	1073.60
351375.0	893.20	1071.50
351377.0	892.90	1070.40
351379.0	893.00	1070.50
351381.0	892.40	1070.70
351383.0	891.70	1070.60
351385.0	892.80	1070.00
351387.0	892.20	1067.60
351389.0	891.20	1066.70
351391.0	891.40	1066.30
351393.0	890.50	1065.90
351395.0	890.20	1065.80
351397.0	889.50	1063.80
351399.0	889.60	1063.60
351401.0	890.40	1061.90
351403.0	889.20	1060.40
351405.0	889.20	1060.60
351407.0	889.30	1060.70
351409.0	888.20	1060.10
351411.0	887.20	1059.40
351413.0	887.20	1059.40
351415.0	887.40	1057.30
351417.0	886.90	1053.10
351419.0	886.40	1054.50
351421.0	891.50	1054.30
351423.0	902.70	1053.40
351425.0	909.90	1052.90
351427.0	930.80	1051.50
351429.0	953.80	1056.50
351431.0	975.20	1058.50
351433.0	994.10	1056.50
351435.0	998.10	1053.00
351437.0	1002.90	1051.00
351439.0	1008.20	1047.30
351441.0	1009.90	1044.90
351443.0	1010.80	1043.20
351445.0	1011.10	1043.80
351447.0	1010.20	1045.00
351449.0	1010.80	1047.00
351451.0	1009.70	1045.40
351453.0	1009.20	1044.30
351455.0	1007.20	1042.10
351457.0	1008.60	1042.30
351459.0	1011.00	1042.50
351461.0	1011.20	1042.60
351463.0	1012.10	1041.90
351465.0	1012.20	1040.80
351467.0	1012.00	1041.20
351469.0	1013.10	1041.70
351471.0	1012.60	1040.20
351473.0	1012.10	1040.70
351475.0	1011.80	1041.40
351477.0	1011.30	1041.40
351479.0	1011.60	1041.10
351481.0	1011.80	1041.20
351483.0	1010.80	1042.30
351485.0	1010.50	1041.40
351487.0	1011.00	1041.30
351489.0	1012.00	1041.30
351491.0	1012.60	1040.50
351493.0	1012.40	1042.80
351495.0	1012.30	1042.80
351497.0	1012.30	1043.60
351499.0	1013.00	1043.00
351501.0	1012.20	1043.50
351503.0	1011.80	1044.30
351505.0	1011.20	1041.90
351507.0	1011.00	1042.10
351509.0	1010.80	1042.90
351511.0	1011.00	1043.70
351513.0	1011.60	1044.50
351515.0	1012.60	1042.60
351517.0	1012.00	1042.60
351519.0	1011.20	1043.40
351521.0	1011.40	1044.00
351523.0	1011.80	1044.10
351525.0	1011.80	1043.60
351527.0	1011.50	1043.40
351529.0	1012.00	1043.40
351531.0	1011.90	1043.50
351533.0	1012.00	1043.70
351535.0	1011.60	1043.80
351537.0	1011.80	1043.50
351539.0	1012.10	1042.70
351541.0	1012.30	1042.30
351543.0	1011.80	1042.50
351545.0	1011.40	1042.70
351547.0	1012.20	1042.60
351549.0	1012.90	1043.80
351551.0	1013.00	1043.40
351553.0	1012.90	1043.10
351555.0	1012.80	1042.60
351557.0	1013.20	1042.90
351559.0	1013.50	1041.70
351561.0	1014.00	1041.70
351563.0	1014.70	1041.40
351565.0	1014.50	1040.30
351567.0	1014.80	1039.40
351569.0	1015.00	1039.60
351571.0	1015.20	1039.70
351573.0	1015.40	1040.10
351575.0	1015.30	1038.90
351577.0	1016.10	1036.90
351579.0	1015.30	1038.30
351581.0	1016.70	1039.60
351583.0	1018.50	1037.30
351585.0	1017.10	1038.30
351587.0	1017.00	1037.80
351589.0	1017.90	1038.50
351591.0	1017.90	1038.00
351593.0	1016.90	1038.90
351595.0	1018.60	1042.20
351597.0	1019.40	1044.30
351599.0	1018.70	1047.10
351601.0	1018.60	1047.80
351603.0	1018.40	1051.10
351605.0	1019.20	1058.80
351607.0	1019.90	1062.10
351609.0	1020.60	1065.80
351611.0	1020.30	1068.50
351613.0	1020.80	1071.00
351615.0	1020.80	1071.10
351617.0	1019.00	1067.50
351619.0	1008.50	1061.20
351621.0	997.10	1048.90
351623.0	979.00	1022.90
351625.0	962.60	991.80
351627.0	940.70	955.30
351629.0	926.30	920.80
351631.0	921.40	892.00
351633.0	913.60	859.40
351635.0	912.60	823.60
351637.0	903.50	789.90
351639.0	891.60	758.80
351641.0	877.50	722.50
351643.0	863.10	687.40
351645.0	847.90	647.20
351647.0	835.30	603.40
351649.0	830.20	573.60
351651.0	830.00	541.20
351653.0	833.60	526.70
351655.0	837.80	514.70
351657.0	842.30	509.80
351659.0	845.70	509.10
351661.0	847.30	499.90
351663.0	847.00	475.70
351665.0	847.90	451.70
351667.0	851.50	435.30
351669.0	861.30	416.40
351671.0	866.20	394.20
351673.0	867.30	374.10
351675.0	870.70	367.60
351677.0	875.00	357.70
351679.0	877.90	350.50
351681.0	884.00	341.50
351683.0	887.10	332.50
351685.0	890.10	324.10
351687.0	891.00	316.20
351689.0	890.80	314.60
351691.0	889.30	313.70
351693.0	888.10	313.80
351695.0	887.60	315.10
351697.0	887.50	316.50
351699.0	887.30	315.50
351701.0	886.30	315.30
351703.0	886.40	313.90
351705.0	887.60	313.20
351707.0	888.10	311.70
351709.0	888.60	309.80
351711.0	887.50	306.50
351713.0	887.50	305.60
351715.0	887.70	303.70
351717.0	887.80	302.60
351719.0	887.30	302.20
351721.0	886.50	300.50
351723.0	887.00	301.10
351725.0	887.40	301.00
351727.0	887.00	300.10
351729.0	888.60	298.40
351731.0	888.30	297.60
351733.0	885.40	297.40
351735.0	887.20	297.40
351737.0	886.20	297.30
351739.0	885.70	297.00
351741.0	885.60	297.60
351743.0	884.90	297.40
351745.0	884.80	297.50
351747.0	884.20	297.50
351749.0	884.00	297.40
351751.0	884.40	299.50
351753.0	884.50	299.00
351755.0	884.50	298.80
351757.0	883.70	298.30
351759.0	884.80	298.20
351761.0	885.40	298.20
351763.0	885.80	296.30
351765.0	886.20	297.50
351767.0	886.70	297.30
351769.0	887.50	297.60
351771.0	888.60	297.10
351773.0	888.70	297.50
351775.0	888.60	297.20
351777.0	888.20	297.00
351779.0	888.30	298.00
351781.0	888.80	298.10
351783.0	889.40	298.20
351785.0	888.80	299.50
351787.0	888.30	300.70
351789.0	891.70	301.90
351791.0	889.70	302.20
351793.0	889.30	302.30
351795.0	889.00	300.50
351797.0	889.10	300.40
351799.0	889.40	300.30
351801.0	888.70	300.30
351803.0	888.90	300.60
351805.0	888.10	301.40
351807.0	888.90	301.10
351809.0	888.70	300.60
351811.0	888.30	300.50
351813.0	888.00	299.90
351815.0	888.50	299.30
351817.0	888.30	299.20
351819.0	888.50	299.20
351821.0	887.20	300.00
351823.0	886.60	301.80
351825.0	887.10	300.80
351827.0	887.40	299.10
351829.0	887.30	300.80
351831.0	888.10	300.70
351833.0	888.00	299.40
351835.0	887.90	299.60
351837.0	888.10	300.00
351839.0	887.90	299.40
351841.0	888.80	298.90
351843.0	888.80	299.10
351845.0	888.20	300.00
351847.0	888.20	300.00
351849.0	888.70	299.70
351851.0	888.60	299.20
351853.0	888.50	300.30
351855.0	889.00	301.10
351857.0	889.20	301.80
351859.0	889.40	302.40
351861.0	889.50	302.20
351863.0	889.50	302.40
351865.0	889.50	302.50
351867.0	889.70	302.40
351869.0	890.20	302.30
351871.0	890.50	302.40
351873.0	889.70	302.50
351875.0	889.20	302.00
351877.0	889.80	301.60
351879.0	889.60	302.20
351881.0	889.70	302.90
351883.0	891.20	302.50
351885.0	890.80	301.80
351887.0	890.00	301.70
351889.0	889.90	302.30
351891.0	890.10	302.00
351893.0	890.30	302.30
351895.0	889.80	303.00
351897.0	889.60	303.70
351899.0	891.00	303.70
351901.0	891.90	303.90
351903.0	890.80	304.70
351905.0	891.20	304.80
351907.0	891.60	304.80
351909.0	891.50	304.80
351911.0	891.40	304.90
351913.0	890.70	305.30
351915.0	890.60	304.90
351917.0	890.50	303.60
351919.0	890.10	303.60
351921.0	890.50	304.40
351923.0	890.60	305.10
351925.0	890.60	305.20
351927.0	890.70	305.20
351929.0	891.30	304.20
351931.0	893.40	304.60
351933.0	893.10	304.90
351935.0	892.50	305.30
351937.0	892.10	304.70
351939.0	892.20	303.90
351941.0	892.50	304.00
351943.0	891.40	305.70
351945.0	891.30	305.50
351947.0	892.40	305.60
351949.0	893.20	305.50
351951.0	892.40	304.80
351953.0	891.60	304.60
351955.0	892.00	304.30
351957.0	891.90	304.50
351959.0	891.40	304.30
351961.0	891.40	302.30
351963.0	893.80	302.80
351965.0	893.40	304.60
351967.0	892.30	304.90
351969.0	891.70	304.90
351971.0	891.30	305.30
351973.0	891.60	304.70
351975.0	891.80	304.50
351977.0	892.50	305.70
351979.0	891.40	305.60
351981.0	891.50	306.50
351983.0	892.70	307.30
351985.0	892.60	308.10
351987.0	891.70	307.70
351989.0	894.10	307.30
351991.0	894.30	306.80
351993.0	891.80	305.90
351995.0	883.60	309.70
351997.0	867.10	310.60
351999.0	837.30	320.40
352001.0	796.80	334.10
352003.0	747.00	349.60
352005.0	692.40	364.00
352007.0	643.00	383.30
352009.0	595.30	398.20
352011.0	552.60	413.30
352013.0	513.90	420.40
352015.0	479.30	432.60
352017.0	448.30	444.80
352019.0	414.10	455.90
352021.0	374.00	464.80
352023.0	329.20	466.90
352025.0	287.60	478.20
352027.0	249.40	495.80
352029.0	218.90	512.00
352031.0	191.90	523.20
352033.0	181.10	531.40
352035.0	170.90	534.00
352037.0	164.10	535.10
352039.0	160.80	539.60
352041.0	158.90	544.60
352043.0	159.80	547.80
352045.0	163.50	552.00
352047.0	166.70	552.90
352049.0	171.60	553.30
352051.0	173.70	551.60
352053.0	172.10	548.80
352055.0	172.10	547.60
352057.0	166.70	547.10
352059.0	165.00	546.90
352061.0	164.90	547.40
352063.0	165.00	549.20
352065.0	164.60	549.10
352067.0	166.70	549.30
352069.0	166.90	549.40
352071.0	166.50	549.70
352073.0	165.00	549.50
352075.0	165.00	547.80
352077.0	167.40	547.90
352079.0	167.70	548.40
352081.0	169.70	551.60
352083.0	170.30	551.10
352085.0	171.60	551.70
352087.0	172.00	551.70
352089.0	172.00	551.70
352091.0	172.60	552.00
352093.0	171.60	551.60
352095.0	171.30	553.20
352097.0	171.10	553.40
352099.0	170.80	552.50
352101.0	172.20	552.60
352103.0	168.00	552.00
352105.0	167.60	552.00
352107.0	167.20	552.50
352109.0	166.60	551.80
352111.0	167.10	551.20
352113.0	167.00	552.30
352115.0	165.90	551.80
352117.0	166.30	550.40
352119.0	166.20	550.30
352121.0	165.10	551.00
352123.0	165.40	551.40
352125.0	166.50	549.30
352127.0	166.70	550.30
352129.0	167.30	550.70
352131.0	171.90	551.40
352133.0	172.90	551.10
352135.0	173.90	551.70
352137.0	174.20	552.20
352139.0	173.80	553.40
352141.0	173.80	553.20
352143.0	176.40	553.80
352145.0	176.40	555.40
352147.0	176.80	555.90
352149.0	176.00	555.80
352151.0	174.30	555.30
352153.0	172.40	554.40
352155.0	172.40	553.60
352157.0	171.90	553.60
352159.0	171.70	553.70
352161.0	170.10	553.10
352163.0	170.40	553.10
352165.0	169.70	553.20
352167.0	169.50	553.60
352169.0	168.80	553.90
352171.0	171.00	554.00
352173.0	171.00	553.40
352175.0	170.90	553.80
352177.0	171.60	555.60
352179.0	173.30	556.20
352181.0	174.70	557.90
352183.0	175.80	558.00
352185.0	175.50	558.20
352187.0	177.90	560.30
352189.0	178.70	560.40
352191.0	178.70	560.40
352193.0	177.90	560.90
352195.0	176.90	561.40
352197.0	177.10	561.50
352199.0	178.00	562.90
352201.0	177.70	562.90
352203.0	177.70	562.80
352205.0	177.20	562.20
352207.0	177.20	561.90
352209.0	176.90	562.20
352211.0	176.70	562.50
352213.0	176.70	562.50
352215.0	176.80	561.90
352217.0	177.00	561.80
352219.0	177.60	561.80
352221.0	176.20	562.00
352223.0	176.40	562.20
352225.0	176.80	563.20
352227.0	176.80	563.00
352229.0	177.10	563.00
352231.0	177.70	564.00
352233.0	177.90	562.70
352235.0	177.80	562.60
352237.0	176.70	562.90
352239.0	177.20	563.00
352241.0	178.10	563.20
352243.0	178.20	563.80
352245.0	178.20	563.20
352247.0	178.00	562.80
352249.0	177.00	562.50
352251.0	177.40	563.50
352253.0	177.60	563.30
352255.0	178.60	563.90
352257.0	178.80	565.20
352259.0	179.00	564.00
352261.0	179.30	563.90
352263.0	179.60	564.80
352265.0	179.40	564.70
352267.0	179.30	564.50
352269.0	179.40	564.40
352271.0	179.50	564.30
352273.0	179.60	564.60
352275.0	180.10	564.70
352277.0	180.80	564.60
352279.0	179.70	564.30
352281.0	179.10	564.60
352283.0	180.80	564.90
352285.0	180.10	565.00
352287.0	180.00	564.90
352289.0	180.40	565.70
352291.0	180.70	565.40
352293.0	180.70	565.40
352295.0	180.20	566.00
352297.0	180.10	566.00
352299.0	181.40	567.00
352301.0	181.90	566.10
352303.0	181.60	566.10
352305.0	181.60	565.80
352307.0	181.50	566.10
352309.0	182.60	566.50
352311.0	183.60	567.10
352313.0	181.60	567.00
352315.0	181.60	566.40
352317.0	182.70	566.80
352319.0	182.80	567.20
352321.0	182.60	566.60
352323.0	182.70	568.20
352325.0	183.20	568.20
352327.0	190.60	569.30
352329.0	213.00	571.40
352331.0	236.20	570.50
352333.0	260.30	570.00
352335.0	285.70	570.10
352337.0	304.80	566.90
352339.0	313.70	563.00
352341.0	319.90	558.80
352343.0	320.30	557.20
352345.0	321.70	557.30
352347.0	321.70	557.10
352349.0	320.70	557.80
352351.0	320.80	559.00
352353.0	322.90	560.20
352355.0	326.10	561.30
352357.0	327.10	562.40
352359.0	329.30	562.80
352361.0	329.90	561.70
352363.0	330.00	561.70
352365.0	326.80	561.20
352367.0	326.30	562.00
352369.0	327.10	562.10
352371.0	327.30	562.00
352373.0	326.50	560.60
352375.0	325.30	560.90
352377.0	326.80	560.80
352379.0	328.80	560.80
352381.0	328.00	560.70
352383.0	328.20	560.70
352385.0	328.90	561.60
352387.0	329.70	561.90
352389.0	330.20	562.90
352391.0	331.10	563.40
352393.0	331.70	563.00
352395.0	331.80	562.80
352397.0	331.10	561.80
352399.0	330.60	561.00
352401.0	331.00	561.10
352403.0	333.20	562.20
352405.0	332.00	562.70
352407.0	331.90	562.70
352409.0	331.90	562.70
352411.0	331.90	562.90
352413.0	332.80	563.30
352415.0	332.20	562.90
352417.0	332.10	563.00
352419.0	332.00	563.10
352421.0	331.00	563.40
352423.0	331.90	563.70
352425.0	332.00	563.80
352427.0	333.50	564.10
352429.0	332.20	564.20
352431.0	331.40	564.40
352433.0	331.20	564.00
352435.0	332.60	563.90
352437.0	334.10	566.20
352439.0	332.80	564.60
352441.0	333.10	564.40
352443.0	333.20	565.60
352445.0	332.40	565.60
352447.0	332.60	565.60
352449.0	333.30	564.50
352451.0	333.70	565.50
352453.0	333.70	567.40
352455.0	332.80	566.40
352457.0	332.10	567.00
352459.0	331.90	565.90
352461.0	332.20	565.70
352463.0	333.30	565.70
352465.0	333.40	566.20
352467.0	333.50	566.60
352469.0	333.40	566.70
352471.0	332.20	566.90
352473.0	333.80	567.00
352475.0	333.80	566.80
352477.0	333.30	567.70
352479.0	333.20	568.60
352481.0	332.80	567.70
352483.0	333.00	567.20
352485.0	333.70	567.20
352487.0	333.50	567.00
352489.0	332.80	567.50
352491.0	333.80	567.60
352493.0	334.40	567.70
352495.0	334.00	567.20
352497.0	333.90	566.60
352499.0	333.70	566.30
352501.0	333.50	567.20
352503.0	333.90	567.00
352505.0	334.20	567.00
352507.0	331.40	566.50
352509.0	331.70	566.80
352511.0	332.30	566.90
352513.0	333.60	567.20
352515.0	335.00	567.20
352517.0	335.20	567.10
352519.0	335.00	567.60
352521.0	334.70	567.70
352523.0	334.90	566.90
352525.0	334.90	566.50
352527.0	334.80	566.40
352529.0	335.00	566.30
352531.0	334.60	567.60
352533.0	334.70	566.30
352535.0	335.30	566.80
352537.0	335.00	567.30
352539.0	335.20	567.40
352541.0	335.40	566.30
352543.0	335.30	566.40
352545.0	335.80	567.00
352547.0	335.60	566.90
352549.0	334.70	566.90
352551.0	334.40	567.40
352553.0	335.50	567.70
352555.0	335.50	566.60
352557.0	335.30	566.00
352559.0	335.80	567.40
352561.0	336.30	568.40
352563.0	336.40	568.60
352565.0	336.40	569.50
352567.0	335.20	569.00
352569.0	335.50	568.60
352571.0	335.60	567.90
352573.0	336.00	568.20
352575.0	336.80	568.90
352577.0	338.50	569.30
352579.0	338.30	569.10
352581.0	337.10	567.20
352583.0	337.30	568.80
352585.0	336.90	569.00
352587.0	338.80	569.10
352589.0	339.80	569.10
352591.0	338.50	569.30
352593.0	338.30	569.20
352595.0	338.20	570.20
352597.0	337.70	571.60
352599.0	339.30	572.50
352601.0	340.00	573.40
352603.0	340.00	574.00
352605.0	339.40	575.10
352607.0	339.50	576.00
352609.0	340.70	576.60
352611.0	340.60	576.50
352613.0	341.30	577.70
352615.0	340.20	576.90
352617.0	340.40	575.50
352619.0	340.30	576.00
352621.0	340.70	577.30
352623.0	341.90	578.00
352625.0	341.90	578.40
352627.0	341.90	578.30
352629.0	341.90	578.30
352631.0	342.30	577.40
352633.0	342.80	578.40
352635.0	343.00	579.20
352637.0	342.60	579.20
352639.0	342.60	579.10
352641.0	342.80	579.50
352643.0	342.90	580.00
352645.0	342.90	580.20
352647.0	342.60	580.30
352649.0	342.40	580.20
352651.0	343.40	578.00
352653.0	343.50	579.60
352655.0	342.90	578.50
352657.0	342.50	577.00
352659.0	342.60	577.10
352661.0	343.10	577.30
352663.0	343.60	578.50
352665.0	342.70	577.40
352667.0	341.40	577.20
352669.0	341.10	577.70
352671.0	341.20	578.40
352673.0	341.70	577.70
352675.0	340.80	576.50
352677.0	340.30	576.40
352679.0	340.00	576.70
352681.0	339.50	577.00
352683.0	339.50	577.20
352685.0	338.90	577.10
352687.0	338.90	577.10
352689.0	337.40	577.00
352691.0	336.20	576.90
352693.0	335.50	576.90
352695.0	335.70	577.00
352697.0	335.90	577.90
352699.0	335.40	578.50
352701.0	335.60	578.70
352703.0	339.00	581.30
352705.0	351.10	583.70
352707.0	363.30	581.90
352709.0	392.90	584.20
352711.0	428.60	580.30
352713.0	470.30	579.10
352715.0	514.40	578.70
352717.0	553.40	575.00
352719.0	593.40	572.20
352721.0	634.50	562.60
352723.0	670.40	555.80
352725.0	708.30	554.60
352727.0	743.50	550.90
352729.0	785.10	548.40
352731.0	830.30	548.70
352733.0	873.40	551.50
352735.0	913.50	557.30
352737.0	951.10	565.30
352739.0	986.10	569.90
352741.0	1017.40	578.40
352743.0	1043.40	583.00
352745.0	1066.80	594.20
352747.0	1088.70	602.00
352749.0	1110.40	610.60
352751.0	1133.50	613.90
352753.0	1144.50	614.10
352755.0	1154.20	616.30
352757.0	1154.00	621.70
352759.0	1151.20	624.10
352761.0	1145.50	624.40
352763.0	1138.70	623.10
352765.0	1135.20	619.40
352767.0	1134.40	617.40
352769.0	1135.50	615.50
352771.0	1138.90	615.30
352773.0	1140.50	616.90
352775.0	1142.00	618.20
352777.0	1143.40	618.00
352779.0	1145.10	617.70
352781.0	1145.50	617.50
352783.0	1145.70	617.50
352785.0	1145.40	617.40
352787.0	1145.20	617.50
352789.0	1145.30	618.30
352791.0	1145.10	619.00
352793.0	1145.70	619.20
352795.0	1146.40	619.60
352797.0	1146.10	620.10
352799.0	1145.70	620.30
352801.0	1146.40	621.70
352803.0	1146.60	622.40
352805.0	1147.00	622.60
352807.0	1147.30	622.20
352809.0	1147.20	622.10
352811.0	1146.90	622.90
352813.0	1145.90	622.40
352815.0	1145.90	622.30
352817.0	1146.00	622.50
352819.0	1146.20	622.70
352821.0	1146.10	622.60
352823.0	1145.80	622.80
352825.0	1145.70	622.80
352827.0	1145.80	622.90
352829.0	1145.30	622.50
352831.0	1144.20	622.80
352833.0	1143.30	622.70
352835.0	1142.50	622.80
352837.0	1142.10	623.20
352839.0	1142.00	624.10
352841.0	1142.00	624.60
352843.0	1142.20	624.30
352845.0	1141.30	624.60
352847.0	1141.50	623.70
352849.0	1141.30	622.60
352851.0	1141.30	622.60
352853.0	1141.30	622.70
352855.0	1141.70	623.80
352857.0	1142.10	624.80
352859.0	1141.80	623.60
352861.0	1141.80	623.30
352863.0	1141.70	625.40
352865.0	1141.10	625.20
352867.0	1141.50	625.20
352869.0	1141.70	625.40
352871.0	1141.90	625.30
352873.0	1141.70	625.20
352875.0	1140.10	624.30
352877.0	1138.70	624.00
352879.0	1137.90	624.60
352881.0	1138.00	624.40
352883.0	1138.40	623.90
352885.0	1138.20	623.30
352887.0	1138.10	622.20
352889.0	1137.50	622.50
352891.0	1137.60	622.90
352893.0	1137.60	622.80
352895.0	1138.30	622.50
352897.0	1137.30	622.40
352899.0	1137.30	621.90
352901.0	1137.10	621.10
352903.0	1137.00	621.30
352905.0	1137.00	621.80
352907.0	1138.00	621.20
352909.0	1138.60	621.30
352911.0	1138.60	622.10
352913.0	1137.70	622.50
352915.0	1137.20	622.30
352917.0	1137.40	621.80
352919.0	1137.40	622.10
352921.0	1137.20	622.20
352923.0	1136.50	622.50
352925.0	1137.20	621.70
352927.0	1137.40	621.50
352929.0	1137.80	621.40
352931.0	1137.90	621.50
352933.0	1137.60	621.50
352935.0	1136.80	621.30
352937.0	1137.50	621.10
352939.0	1137.00	621.20
352941.0	1135.60	621.20
352943.0	1136.00	621.30
352945.0	1136.00	621.50
352947.0	1135.80	621.90
352949.0	1136.50	622.40
352951.0	1136.70	621.70
352953.0	1136.80	621.90
352955.0	1136.70	623.00
352957.0	1136.60	622.70
352959.0	1137.40	623.10
352961.0	1137.60	622.40
352963.0	1136.30	622.10
352965.0	1136.50	622.30
352967.0	1136.90	623.70
352969.0	1136.90	623.20
352971.0	1135.10	623.10
352973.0	1135.20	622.80
352975.0	1134.80	622.90
352977.0	1134.70	623.00
352979.0	1134.00	622.70
352981.0	1133.30	622.80
352983.0	1133.10	623.80
352985.0	1132.90	623.30
352987.0	1132.70	622.90
352989.0	1132.40	622.70
352991.0	1131.60	624.10
352993.0	1130.60	624.40
352995.0	1131.20	622.90
352997.0	1132.70	623.10
352999.0	1133.20	622.70
353001.0	1131.40	622.50
353003.0	1131.10	622.40
353005.0	1131.10	622.30
353007.0	1130.90	622.40
353009.0	1130.70	622.70
353011.0	1131.50	622.90
353013.0	1131.90	622.90
353015.0	1132.10	623.20
353017.0	1131.70	622.70
353019.0	1132.00	622.80
353021.0	1132.10	623.70
353023.0	1132.10	623.90
353025.0	1132.10	624.50
353027.0	1132.00	624.50
353029.0	1132.00	624.60
353031.0	1131.60	624.80
353033.0	1131.70	624.90
353035.0	1133.10	625.50
353037.0	1133.40	625.00
353039.0	1133.10	624.20
353041.0	1133.70	624.50
353043.0	1132.40	624.00
353045.0	1132.10	624.00
353047.0	1133.10	624.00
353049.0	1133.70	624.40
353051.0	1134.60	624.80
353053.0	1134.40	625.00
353055.0	1134.30	625.30
353057.0	1134.50	626.10
353059.0	1134.50	626.70
353061.0	1134.70	627.50
353063.0	1135.00	627.80
353065.0	1135.20	628.80
353067.0	1135.50	627.30
353069.0	1135.70	627.30
353071.0	1135.20	627.20
353073.0	1133.60	627.90
353075.0	1132.50	628.10
353077.0	1135.70	632.00
353079.0	1152.60	640.40
353081.0	1178.20	654.70
353083.0	1211.20	674.30
353085.0	1244.00	690.50
353087.0	1272.10	710.50
353089.0	1294.30	720.20
353091.0	1306.50	732.60
353093.0	1311.50	740.50
353095.0	1315.40	743.70
353097.0	1316.50	750.70
353099.0	1327.70	749.90
353101.0	1337.60	748.00
353103.0	1341.80	749.60
353105.0	1344.10	750.00
353107.0	1344.30	751.80
353109.0	1343.00	752.30
353111.0	1340.70	751.40
353113.0	1340.70	749.40
353115.0	1341.60	749.20
353117.0	1342.80	749.90
353119.0	1343.20	751.10
353121.0	1343.10	752.90
353123.0	1342.70	754.20
353125.0	1342.60	755.20
353127.0	1343.30	755.70
353129.0	1343.40	755.30
353131.0	1341.90	754.10
353133.0	1341.30	754.10
353135.0	1341.10	753.20
353137.0	1340.20	752.50
353139.0	1341.10	752.00
353141.0	1341.00	750.90
353143.0	1340.60	750.70
353145.0	1341.00	750.90
353147.0	1342.50	750.80
353149.0	1342.50	749.90
353151.0	1342.40	749.60
353153.0	1342.40	749.50
353155.0	1342.30	749.70
353157.0	1342.60	750.20
353159.0	1343.30	750.00
353161.0	1344.00	749.90
353163.0	1344.50	750.20
353165.0	1344.90	750.90
353167.0	1345.40	751.40
353169.0	1345.50	750.90
353171.0	1345.50	752.00
353173.0	1345.40	753.10
353175.0	1345.90	753.30
353177.0	1345.80	753.40
353179.0	1345.30	753.30
353181.0	1346.20	753.00
353183.0	1345.70	753.10
353185.0	1345.00	753.30
353187.0	1344.00	753.80
353189.0	1343.80	754.30
353191.0	1343.70	754.50
353193.0	1343.50	754.20
353195.0	1343.10	754.10
353197.0	1343.30	752.50
353199.0	1343.00	752.50
353201.0	1342.40	752.70
353203.0	1341.70	752.40
353205.0	1340.80	751.90
353207.0	1341.10	752.20
353209.0	1341.50	751.00
353211.0	1341.50	750.70
353213.0	1341.50	750.80
353215.0	1341.20	750.00
353217.0	1340.70	750.40
353219.0	1341.10	750.90
353221.0	1341.80	749.80
353223.0	1342.40	748.60
353225.0	1343.00	748.20
353227.0	1343.00	746.40
353229.0	1343.10	746.10
353231.0	1343.00	745.90
353233.0	1343.20	744.90
353235.0	1343.80	743.70
353237.0	1343.80	743.20
353239.0	1343.80	743.10
353241.0	1344.70	743.10
353243.0	1345.00	743.30
353245.0	1344.90	743.50
353247.0	1344.90	743.80
353249.0	1345.90	742.20
353251.0	1345.90	742.10
353253.0	1345.90	741.60
353255.0	1346.20	742.10
353257.0	1346.20	741.40
353259.0	1345.80	741.40
353261.0	1346.30	740.80
353263.0	1346.30	742.10
353265.0	1345.80	741.20
353267.0	1345.10	740.80
353269.0	1344.90	740.30
353271.0	1345.00	740.20
353273.0	1344.80	739.10
353275.0	1341.20	735.20
353277.0	1330.10	724.20
353279.0	1313.30	706.60
353281.0	1290.80	682.30
353283.0	1268.10	646.70
353285.0	1250.60	607.50
353287.0	1243.70	562.60
353289.0	1240.00	519.70
353291.0	1235.50	474.60
353293.0	1228.20	442.60
353295.0	1222.70	406.00
353297.0	1214.10	375.90
353299.0	1200.10	342.10
353301.0	1187.50	308.10
353303.0	1180.10	278.00
353305.0	1170.60	243.50
353307.0	1158.80	219.70
353309.0	1150.80	191.20
353311.0	1136.40	165.20
353313.0	1124.90	135.40
353315.0	1114.50	107.10
353317.0	1101.90	78.50
353319.0	1094.40	60.20
353321.0	1089.90	49.60
353323.0	1087.50	40.50
353325.0	1087.60	37.20
353327.0	1090.50	36.30
353329.0	1093.30	39.10
353331.0	1096.90	42.90
353333.0	1101.30	42.90
353335.0	1101.70	40.80
353337.0	1100.20	43.60
353339.0	1096.20	45.50
353341.0	1092.90	46.80
353343.0	1092.30	45.50
353345.0	1090.30	45.60
353347.0	1090.80	44.50
353349.0	1091.10	43.50
353351.0	1089.20	43.50
353353.0	1088.80	43.60
353355.0	1088.40	43.90
353357.0	1088.00	44.10
353359.0	1087.60	44.60
353361.0	1086.80	45.40
353363.0	1085.50	46.60
353365.0	1084.80	46.50
353367.0	1084.50	46.20
353369.0	1084.60	46.20
353371.0	1084.20	44.80
353373.0	1083.60	44.60
353375.0	1083.20	44.90
353377.0	1083.00	43.50
353379.0	1083.30	42.60
353381.0	1083.00	43.90
353383.0	1082.60	42.30
353385.0	1083.00	40.50
353387.0	1083.20	41.10
353389.0	1082.70	40.10
353391.0	1082.20	40.20
353393.0	1082.50	41.10
353395.0	1082.80	41.30
353397.0	1083.70	40.70
353399.0	1084.00	41.10
353401.0	1083.20	42.00
353403.0	1082.60	42.10
353405.0	1082.40	42.40
353407.0	1081.80	43.10
353409.0	1081.00	45.40
353411.0	1080.50	47.10
353413.0	1080.20	47.70
353415.0	1080.10	47.20
353417.0	1079.40	47.20
353419.0	1078.60	49.80
353421.0	1079.10	50.50
353423.0	1079.70	50.40
353425.0	1079.60	50.50
353427.0	1079.80	50.20
353429.0	1080.60	50.10
353431.0	1079.70	49.30
353433.0	1080.00	49.80
353435.0	1078.80	49.30
353437.0	1079.40	47.70
353439.0	1080.20	47.10
353441.0	1079.40	45.80
353443.0	1078.80	45.20
353445.0	1078.00	44.80
353447.0	1078.00	44.10
353449.0	1076.40	43.80
353451.0	1075.70	43.80
353453.0	1075.30	44.10
353455.0	1075.10	44.10
353457.0	1075.00	43.20
353459.0	1075.00	43.80
353461.0	1074.60	44.70
353463.0	1074.30	44.80
353465.0	1074.40	41.40
353467.0	1074.40	40.50
353469.0	1074.30	40.60
353471.0	1075.20	40.70
353473.0	1074.90	43.10
353475.0	1074.60	41.50
353477.0	1074.90	39.20
353479.0	1074.30	39.40
353481.0	1074.40	38.80
353483.0	1074.70	38.20
353485.0	1074.40	38.40
353487.0	1074.50	38.00
353489.0	1074.20	37.00
353491.0	1073.80	35.90
353493.0	1073.20	35.60
353495.0	1071.90	35.40
353497.0	1072.00	35.60
353499.0	1072.10	35.90
353501.0	1072.00	37.10
353503.0	1072.00	37.90
353505.0	1072.10	38.10
353507.0	1072.40	38.90
353509.0	1072.20	40.20
353511.0	1072.20	40.70
353513.0	1071.90	40.60
353515.0	1071.50	40.20
353517.0	1071.60	39.50
353519.0	1071.90	40.00
353521.0	1072.00	39.20
353523.0	1071.80	39.10
353525.0	1071.90	39.50
353527.0	1072.20	39.70
353529.0	1072.20	39.80
353531.0	1071.80	39.90
353533.0	1071.70	39.80
353535.0	1071.70	39.80
353537.0	1072.60	40.30
353539.0	1072.50	41.20
353541.0	1072.20	41.30
353543.0	1071.80	41.60
353545.0	1071.00	40.70
353547.0	1071.40	41.50
353549.0	1071.90	41.50
353551.0	1071.70	41.80
353553.0	1071.60	41.70
353555.0	1071.90	41.20
353557.0	1072.00	41.40
353559.0	1073.00	41.20
353561.0	1073.10	40.90
353563.0	1073.00	40.80
353565.0	1072.60	40.90
353567.0	1072.30	41.00
353569.0	1072.30	41.60
353571.0	1074.00	41.40
353573.0	1074.50	42.50
353575.0	1074.40	43.60
353577.0	1068.70	48.80
353579.0	1055.00	49.40
353581.0	1038.00	48.60
353583.0	1016.80	48.10
353585.0	1000.50	52.50
353587.0	983.10	54.00
353589.0	978.40	55.50
353591.0	978.20	58.30
353593.0	983.90	58.60
353595.0	992.50	60.70
353597.0	1002.60	61.10
353599.0	1009.30	63.30
353601.0	1009.40	63.90
353603.0	1005.70	65.00
353605.0	1002.10	65.80
353607.0	996.80	65.50
353609.0	996.20	63.70
353611.0	995.30	62.10
353613.0	994.70	62.80
353615.0	994.90	63.20
353617.0	994.60	63.50
353619.0	994.00	62.70
353621.0	992.50	62.00
353623.0	992.50	62.30
353625.0	992.50	63.80
353627.0	993.30	63.10
353629.0	993.40	62.40
353631.0	993.60	62.90
353633.0	993.40	62.30
353635.0	993.20	62.30
353637.0	993.60	62.10
353639.0	993.70	62.40
353641.0	993.60	61.90
353643.0	994.00	61.10
353645.0	993.90	60.50
353647.0	994.60	60.50
353649.0	994.70	61.00
353651.0	994.20	61.00
353653.0	995.50	59.70
353655.0	994.90	59.70
353657.0	994.20	59.90
353659.0	994.20	59.80
353661.0	994.20	60.50
353663.0	995.10	61.10
353665.0	994.90	60.40
353667.0	995.10	59.70
353669.0	995.20	59.80
353671.0	995.70	60.10
353673.0	995.20	60.60
353675.0	995.20	60.80
353677.0	995.90	60.00
353679.0	994.60	59.90
353681.0	995.70	60.60
353683.0	996.20	60.60
353685.0	996.70	59.50
353687.0	997.40	58.80
353689.0	997.20	58.20
353691.0	996.50	58.40
353693.0	996.30	58.40
353695.0	996.00	58.50
353697.0	995.70	58.60
353699.0	997.20	58.60
353701.0	997.20	59.10
353703.0	997.90	61.40
353705.0	997.90	61.30
353707.0	997.80	61.40
353709.0	998.10	60.10
353711.0	998.00	61.90
353713.0	997.50	61.00
353715.0	996.90	60.90
353717.0	997.20	60.60
353719.0	998.50	60.70
353721.0	999.40	61.30
353723.0	998.50	60.90
353725.0	997.60	60.80
353727.0	997.50	61.70
353729.0	997.20	62.00
353731.0	998.40	62.00
353733.0	998.40	62.20
353735.0	999.00	62.40
353737.0	999.20	63.10
353739.0	999.60	64.30
353741.0	999.80	64.10
353743.0	999.90	63.50
353745.0	999.50	64.20
353747.0	999.30	64.30
353749.0	999.60	65.20
353751.0	999.60	65.80
353753.0	1000.30	66.50
353755.0	1000.40	67.10
353757.0	1000.10	67.80
353759.0	999.90	69.50
353761.0	999.50	70.40
353763.0	999.60	68.70
353765.0	1000.30	71.50
353767.0	1001.40	70.60
353769.0	1001.20	71.70
353771.0	1001.20	72.50
353773.0	1001.20	73.00
353775.0	1000.60	71.90
353777.0	1000.50	73.20
353779.0	1000.50	73.30
353781.0	1000.50	73.30
353783.0	1000.80	73.40
353785.0	1000.80	74.10
353787.0	1001.30	74.10
353789.0	1001.90	73.70
353791.0	1001.80	75.00
353793.0	1000.80	74.90
353795.0	1001.40	75.50
353797.0	1002.40	75.40
353799.0	1002.70	74.90
353801.0	1002.30	75.50
353803.0	1001.90	75.30
353805.0	1002.60	75.00
353807.0	1003.30	75.60
353809.0	1003.40	75.60
353811.0	1003.70	75.20
353813.0	1004.00	77.30
353815.0	1005.40	77.10
353817.0	1004.90	77.10
353819.0	1004.80	76.70
353821.0	1004.90	76.50
353823.0	1005.00	76.00
353825.0	1004.30	75.80
353827.0	1004.50	76.00
353829.0	1005.20	76.50
353831.0	1005.20	75.30
353833.0	1005.30	75.80
353835.0	1006.50	76.30
353837.0	1006.30	77.00
353839.0	1006.20	77.00
353841.0	1006.70	77.50
353843.0	1006.60	76.10
353845.0	1006.50	75.90
353847.0	1007.00	76.80
353849.0	1007.80	76.70
353851.0	1007.70	76.40
353853.0	1007.70	76.40
353855.0	1008.50	76.70
353857.0	1008.60	76.70
353859.0	1008.40	76.40
353861.0	1009.30	76.80
353863.0	1009.20	79.30
353865.0	1009.90	77.90
353867.0	1009.90	77.80
353869.0	1009.80	78.80
353871.0	1009.10	78.00
353873.0	1009.20	76.60
353875.0	1009.50	76.80
353877.0	1009.50	77.00
353879.0	1009.60	77.40
353881.0	1009.70	76.90
353883.0	1009.70	75.30
353885.0	1009.50	75.80
353887.0	1010.30	75.40
353889.0	1009.20	74.80
353891.0	1009.20	74.80
353893.0	1009.20	74.60
353895.0	1009.10	74.40
353897.0	1009.20	73.90
353899.0	1008.60	73.00
353901.0	1007.80	72.80
353903.0	1008.40	73.10
353905.0	1009.00	72.80
353907.0	1008.00	72.70
353909.0	1007.80	73.30
353911.0	1006.40	73.20
353913.0	1006.70	74.70
353915.0	1007.20	74.60
353917.0	1006.20	75.40
353919.0	1006.50	75.60
353921.0	1006.90	75.10
353923.0	1006.60	76.10
353925.0	1006.40	75.90
353927.0	1006.30	75.80
353929.0	1006.50	75.10
353931.0	1006.60	75.40
353933.0	1006.70	77.20
353935.0	1007.60	77.50
353937.0	1006.70	77.40
353939.0	1007.90	78.20
353941.0	1008.20	80.00
353943.0	1008.80	80.50
353945.0	1009.80	83.30
353947.0	1009.90	87.10
353949.0	1010.50	91.60
353951.0	1010.60	103.50
353953.0	1007.40	114.00
353955.0	1000.80	126.90
353957.0	991.70	150.20
353959.0	983.70	171.90
353961.0	973.20	196.20
353963.0	968.80	222.40
353965.0	965.60	245.40
353967.0	964.20	261.80
353969.0	966.50	282.30
353971.0	974.40	301.20
353973.0	978.50	317.60
353975.0	982.70	338.30
353977.0	982.90	368.70
353979.0	981.40	392.10
353981.0	980.30	417.50
353983.0	980.10	441.10
353985.0	980.80	462.30
353987.0	980.60	485.60
353989.0	980.00	500.80
353991.0	978.10	527.60
353993.0	974.50	546.90
353995.0	970.30	556.90
353997.0	969.20	573.90
353999.0	972.80	593.40
354001.0	980.30	615.00
354003.0	989.00	632.50
354005.0	995.70	646.50
354007.0	997.70	655.00
354009.0	1007.40	671.70
354011.0	1012.20	687.20
354013.0	1014.90	697.70
354015.0	1015.00	712.10
354017.0	1017.00	725.80
354019.0	1019.30	741.70
354021.0	1017.80	755.70
354023.0	1017.00	762.30
354025.0	1015.70	764.30
354027.0	1015.30	763.90
354029.0	1015.90	760.30
354031.0	1016.70	756.30
354033.0	1015.60	754.30
354035.0	1014.70	753.10
354037.0	1013.60	750.90
354039.0	1012.90	752.10
354041.0	1014.70	754.00
354043.0	1016.40	756.90
354045.0	1016.60	759.10
354047.0	1016.90	760.60
354049.0	1017.20	761.80
354051.0	1016.90	761.00
354053.0	1015.50	760.60
354055.0	1015.20	759.90
354057.0	1015.80	759.20
354059.0	1015.10	759.80
354061.0	1013.40	758.10
354063.0	1013.10	758.10
354065.0	1015.20	757.80
354067.0	1015.10	755.70
354069.0	1014.50	755.00
354071.0	1013.90	754.90
354073.0	1014.00	755.70
354075.0	1014.50	757.10
354077.0	1014.30	756.90
354079.0	1014.10	755.00
354081.0	1013.90	755.50
354083.0	1013.90	755.90
354085.0	1014.10	756.10
354087.0	1015.20	756.20
354089.0	1016.20	758.10
354091.0	1017.50	759.70
354093.0	1017.60	759.80
354095.0	1017.00	759.80
354097.0	1015.70	759.80
354099.0	1015.80	759.80
354101.0	1015.70	759.80
354103.0	1015.40	759.50
354105.0	1015.70	759.40
354107.0	1014.90	757.90
354109.0	1014.00	757.80
354111.0	1013.80	758.20
354113.0	1012.60	757.70
354115.0	1011.20	756.70
354117.0	1011.20	756.40
354119.0	1011.50	754.50
354121.0	1011.40	755.60
354123.0	1010.10	755.90
354125.0	1011.10	755.80
354127.0	1011.80	755.50
354129.0	1011.50	755.50
354131.0	1011.50	755.80
354133.0	1011.80	756.00
354135.0	1011.90	755.90
354137.0	1011.90	757.00
354139.0	1012.70	758.50
354141.0	1012.40	758.80
354143.0	1011.90	757.60
354145.0	1012.00	757.30
354147.0	1011.90	757.60
354149.0	1011.30	758.00
354151.0	1011.40	758.40
354153.0	1011.50	758.90
354155.0	1010.60	758.70
354157.0	1010.40	758.00
354159.0	1010.50	757.90
354161.0	1011.40	757.70
354163.0	1010.90	757.20
354165.0	1010.80	757.00
354167.0	1010.80	757.50
354169.0	1011.10	759.90
354171.0	1010.90	760.20
354173.0	1010.90	760.10
354175.0	1010.90	760.10
354177.0	1010.50	758.90
354179.0	1010.30	757.90
354181.0	1010.50	757.90
354183.0	1010.60	758.70
354185.0	1010.60	759.20
354187.0	1010.80	758.50
354189.0	1010.20	758.30
354191.0	1010.30	758.20
354193.0	1010.30	757.80
354195.0	1009.20	758.00
354197.0	1009.40	759.70
354199.0	1009.00	760.10
354201.0	1009.00	760.20
354203.0	1008.90	759.60
354205.0	1008.20	759.50
354207.0	1007.40	759.50
354209.0	1007.40	759.60
354211.0	1008.30	759.40
354213.0	1008.80	759.90
354215.0	1008.70	760.30
354217.0	1007.80	760.60
354219.0	1007.00	760.60
354221.0	1006.80	760.70
354223.0	1006.90	760.60
354225.0	1007.60	760.30
354227.0	1006.20	760.90
354229.0	1007.00	761.50
354231.0	1007.40	761.00
354233.0	1007.70	760.50
354235.0	1007.20	760.60
354237.0	1006.60	760.90
354239.0	1006.70	760.60
354241.0	1007.20	761.10
354243.0	1006.70	761.80
354245.0	1006.60	761.70
354247.0	1006.60	761.30
354249.0	1005.90	761.00
354251.0	1005.90	761.20
354253.0	1006.00	761.60
354255.0	1005.50	761.30
354257.0	1005.90	761.50
354259.0	1006.90	762.00
354261.0	1008.00	762.20
354263.0	1007.90	762.50
354265.0	1007.90	762.70
354267.0	1007.80	763.20
354269.0	1007.70	764.00
354271.0	1007.60	767.10
354273.0	1009.20	772.00
354275.0	1014.20	780.60
354277.0	1025.90	792.10
354279.0	1031.20	821.30
354281.0	1041.20	844.00
354283.0	1045.30	868.90
354285.0	1045.40	894.90
354287.0	1040.70	917.30
354289.0	1032.00	933.00
354291.0	1028.60	944.00
354293.0	1028.50	957.10
354295.0	1039.80	968.50
354297.0	1057.90	975.30
354299.0	1065.70	992.60
354301.0	1068.80	1012.60
354303.0	1067.00	1031.00
354305.0	1055.60	1036.10
354307.0	1044.90	1039.50
354309.0	1032.50	1044.60
354311.0	1024.20	1048.60
354313.0	1024.40	1054.10
354315.0	1030.50	1059.70
354317.0	1036.90	1065.20
354319.0	1041.50	1067.10
354321.0	1042.50	1066.00
354323.0	1041.00	1063.60
354325.0	1040.30	1059.70
354327.0	1036.30	1055.00
354329.0	1034.00	1052.80
354331.0	1031.30	1051.90
354333.0	1030.30	1053.40
354335.0	1031.60	1055.30
354337.0	1031.50	1056.60
354339.0	1031.50	1057.90
354341.0	1031.90	1058.60
354343.0	1033.60	1058.90
354345.0	1034.00	1058.20
354347.0	1034.20	1057.00
354349.0	1034.40	1055.60
354351.0	1035.20	1053.10
354353.0	1035.20	1052.90
354355.0	1035.50	1051.50
354357.0	1035.40	1049.80
354359.0	1035.70	1048.60
354361.0	1036.30	1048.30
354363.0	1035.50	1048.20
354365.0	1033.70	1048.10
354367.0	1033.60	1047.40
354369.0	1033.60	1047.40
354371.0	1032.70	1047.10
354373.0	1032.50	1046.60
354375.0	1032.00	1045.90
354377.0	1031.60	1045.00
354379.0	1031.00	1045.00
354381.0	1030.80	1045.40
354383.0	1030.70	1045.50
354385.0	1029.30	1045.80
354387.0	1029.30	1045.70
354389.0	1030.50	1044.80
354391.0	1029.40	1043.30
354393.0	1029.50	1043.00
354395.0	1029.80	1042.60
354397.0	1029.90	1042.70
354399.0	1031.70	1042.60
354401.0	1030.00	1042.50
354403.0	1029.80	1042.20
354405.0	1029.40	1041.80
354407.0	1029.00	1041.80
354409.0	1029.10	1041.90
354411.0	1029.60	1041.90
354413.0	1030.00	1041.60
354415.0	1028.70	1041.50
354417.0	1029.00	1040.80
354419.0	1029.30	1040.40
354421.0	1028.80	1039.50
354423.0	1028.00	1040.00
354425.0	1027.60	1040.00
354427.0	1028.00	1039.80
354429.0	1027.60	1040.00
354431.0	1026.90	1040.00
354433.0	1026.40	1039.70
354435.0	1027.00	1039.40
354437.0	1026.50	1037.80
354439.0	1026.90	1036.90
354441.0	1027.10	1037.00
354443.0	1026.80	1038.40
354445.0	1027.00	1038.50
354447.0	1027.30	1038.50
354449.0	1027.30	1039.00
354451.0	1026.40	1039.60
354453.0	1025.90	1041.00
354455.0	1025.90	1041.10
354457.0	1025.90	1040.80
354459.0	1026.30	1042.50
354461.0	1026.20	1043.40
354463.0	1025.90	1042.10
354465.0	1025.90	1041.20
354467.0	1026.30	1041.10
354469.0	1026.40	1041.10
354471.0	1026.70	1040.90
354473.0	1026.60	1043.60
354475.0	1025.90	1043.10
354477.0	1027.40	1043.50
354479.0	1026.40	1043.70
354481.0	1027.10	1042.40
354483.0	1027.20	1040.60
354485.0	1027.40	1040.50
354487.0	1026.90	1040.50
354489.0	1026.70	1040.40
354491.0	1026.70	1040.20
354493.0	1026.60	1039.90
354495.0	1026.50	1042.00
354497.0	1026.50	1041.40
354499.0	1026.60	1040.90
354501.0	1026.70	1040.70
354503.0	1027.00	1040.60
354505.0	1026.90	1040.60
354507.0	1027.30	1041.30
354509.0	1026.90	1040.10
354511.0	1026.60	1040.90
354513.0	1028.50	1039.70
354515.0	1027.90	1039.00
354517.0	1027.50	1039.60
354519.0	1027.40	1040.40
354521.0	1027.60	1040.40
354523.0	1028.00	1040.30
354525.0	1028.10	1040.20
354527.0	1028.10	1040.20
354529.0	1027.50	1040.10
354531.0	1026.50	1041.20
354533.0	1026.50	1040.20
354535.0	1026.70	1039.30
354537.0	1027.70	1038.40
354539.0	1026.80	1038.00
354541.0	1026.50	1038.20
354543.0	1026.80	1039.20
354545.0	1026.70	1038.70
354547.0	1026.70	1038.30
354549.0	1026.50	1038.90
354551.0	1026.20	1038.80
354553.0	1025.80	1039.70
354555.0	1025.80	1039.90
354557.0	1026.30	1039.50
354559.0	1026.50	1039.30
354561.0	1025.70	1040.20
354563.0	1025.40	1040.70
354565.0	1025.40	1041.00
354567.0	1025.70	1040.40
354569.0	1026.10	1040.30
354571.0	1026.40	1040.30
354573.0	1026.70	1040.20
354575.0	1026.30	1041.10
354577.0	1024.80	1041.50
354579.0	1024.90	1041.40
354581.0	1025.10	1040.90
354583.0	1025.30	1040.90
354585.0	1025.20	1040.70
354587.0	1024.90	1040.90
354589.0	1024.90	1040.40
354591.0	1024.90	1039.40
354593.0	1024.90	1041.00
354595.0	1024.70	1040.90
354597.0	1025.10	1041.50
354599.0	1025.10	1041.90
354601.0	1024.40	1041.00
354603.0	1024.30	1040.50
354605.0	1024.40	1040.30
354607.0	1025.10	1040.40
354609.0	1025.50	1040.60
354611.0	1025.30	1039.40
354613.0	1025.20	1038.30
354615.0	1024.50	1039.20
354617.0	1024.10	1039.30
354619.0	1024.30	1039.40
354621.0	1024.40	1039.60
354623.0	1024.60	1039.60
354625.0	1023.40	1038.90
354627.0	1023.40	1037.90
354629.0	1023.40	1037.70
354631.0	1023.60	1038.60
354633.0	1023.70	1039.50
354635.0	1023.20	1038.40
354637.0	1023.10	1036.80
354639.0	1022.70	1036.20
354641.0	1022.70	1039.00
354643.0	1022.90	1037.20
354645.0	1022.90	1036.50
354647.0	1023.00	1036.30
354649.0	1023.10	1037.30
354651.0	1023.20	1037.90
354653.0	1023.40	1037.70
354655.0	1024.60	1036.70
354657.0	1024.50	1035.70
354659.0	1024.60	1035.30
354661.0	1025.20	1035.80
354663.0	1024.00	1036.30
354665.0	1024.00	1037.60
354667.0	1024.50	1038.10
354669.0	1024.80	1038.00
354671.0	1024.70	1037.70
354673.0	1025.00	1038.50
354675.0	1025.40	1038.60
354677.0	1025.10	1036.90
354679.0	1025.40	1038.60
354681.0	1024.90	1039.00
354683.0	1024.20	1039.30
354685.0	1023.80	1038.40
354687.0	1024.20	1037.10
354689.0	1024.70	1037.40
354691.0	1023.80	1040.50
354693.0	1022.90	1037.10
354695.0	1022.50	1037.80
354697.0	1022.00	1037.60
354699.0	1022.10	1034.90
354701.0	1022.20	1035.80
354703.0	1021.90	1035.70
354705.0	1021.50	1035.00
354707.0	1021.50	1034.90
354709.0	1021.30	1034.80
354711.0	1022.30	1034.70
354713.0	1021.50	1034.20
354715.0	1020.50	1033.70
354717.0	1020.40	1032.80
354719.0	1020.60	1031.10
354721.0	1021.10	1030.70
354723.0	1020.90	1030.60
354725.0	1020.90	1030.60
354727.0	1021.10	1029.30
354729.0	1021.10	1028.90
354731.0	1021.80	1027.90
354733.0	1022.60	1027.60
354735.0	1023.50	1027.60
354737.0	1024.00	1026.20
354739.0	1024.50	1025.00
354741.0	1024.90	1023.60
354743.0	1024.60	1023.70
354745.0	1024.40	1022.70
354747.0	1024.00	1024.00
354749.0	1024.20	1020.50
354751.0	1024.10	1019.60
354753.0	1024.60	1018.60
354755.0	1024.40	1018.20
354757.0	1023.70	1019.50
354759.0	1023.70	1018.00
354761.0	1023.70	1018.00
354763.0	1023.90	1018.10
354765.0	1022.70	1018.30
354767.0	1024.20	1017.40
354769.0	1024.20	1017.70
354771.0	1024.20	1018.00
354773.0	1024.00	1016.10
354775.0	1024.20	1016.20
354777.0	1023.70	1018.00
354779.0	1024.00	1015.70
354781.0	1024.20	1015.40
354783.0	1024.00	1014.00
354785.0	1023.20	1014.20
354787.0	1023.20	1014.50
354789.0	1022.50	1014.50
354791.0	1023.40	1012.80
354793.0	1023.40	1012.30
354795.0	1022.40	1013.20
354797.0	1021.70	1013.00
354799.0	1022.50	1012.80
354801.0	1021.40	1012.60
354803.0	1020.90	1012.60
354805.0	1021.20	1012.80
354807.0	1021.20	1013.50
354809.0	1021.20	1013.50
354811.0	1021.40	1013.00
354813.0	1021.60	1012.70
354815.0	1022.00	1012.70
354817.0	1022.00	1013.80
354819.0	1021.70	1013.70
354821.0	1020.90	1012.80
354823.0	1020.40	1011.80
354825.0	1021.20	1012.50
354827.0	1022.00	1014.70
354829.0	1021.70	1012.30
354831.0	1021.20	1015.10
354833.0	1021.30	1014.60
354835.0	1022.10	1014.70
354837.0	1022.20	1015.30
354839.0	1022.30	1015.10
354841.0	1022.10	1014.80
354843.0	1022.30	1014.10
354845.0	1022.30	1014.50
354847.0	1022.50	1016.50
354849.0	1022.50	1014.50
354851.0	1022.50	1016.00
354853.0	1023.40	1017.60
354855.0	1024.20	1017.60
354857.0	1022.00	1017.20
354859.0	1022.90	1017.80
354861.0	1023.80	1020.80
354863.0	1023.90	1021.20
354865.0	1023.40	1021.20
354867.0	1023.40	1021.40
354869.0	1024.00	1023.00
354871.0	1024.60	1024.20
354873.0	1024.60	1025.70
354875.0	1025.40	1028.30
354877.0	1025.70	1031.20
354879.0	1024.60	1033.30
354881.0	1025.60	1035.10
354883.0	1024.70	1037.20
354885.0	1025.90	1040.80
354887.0	1026.00	1043.50
354889.0	1026.50	1045.80
354891.0	1026.90	1046.50
354893.0	1026.30	1048.30
354895.0	1026.10	1049.20
354897.0	1026.20	1050.40
354899.0	1026.50	1052.80
354901.0	1028.20	1053.30
354903.0	1027.70	1054.10
354905.0	1027.40	1054.50
354907.0	1028.10	1053.60
354909.0	1029.10	1053.40
354911.0	1029.00	1051.80
354913.0	1029.50	1051.70
354915.0	1031.10	1052.00
354917.0	1029.10	1053.60
354919.0	1018.80	1054.10
354921.0	998.50	1054.60
354923.0	966.10	1049.30
354925.0	917.60	1038.40
354927.0	862.60	1025.20
354929.0	810.40	1004.80
354931.0	752.40	977.20
354933.0	701.40	942.90
354935.0	651.80	905.60
354937.0	601.00	855.70
354939.0	553.80	804.60
354941.0	510.50	770.40
354943.0	474.10	737.70
354945.0	441.30	718.30
354947.0	402.40	689.20
354949.0	370.90	664.10
354951.0	336.20	630.80
354953.0	306.50	622.00
354955.0	282.20	611.10
354957.0	267.60	601.80
354959.0	266.40	596.40
354961.0	266.50	594.70
354963.0	271.70	586.20
354965.0	280.60	574.30
354967.0	289.80	567.70
354969.0	300.50	563.00
354971.0	309.50	561.50
354973.0	311.80	560.50
354975.0	312.10	560.20
354977.0	307.90	559.40
354979.0	300.10	557.90
354981.0	294.90	556.50
354983.0	292.50	556.10
354985.0	291.80	556.70
354987.0	293.30	557.10
354989.0	296.70	557.80
354991.0	301.30	557.50
354993.0	303.90	556.70
354995.0	304.30	556.80
354997.0	305.60	557.60
354999.0	305.40	560.00
355001.0	304.70	560.90
355003.0	304.50	560.50
355005.0	304.60	560.10
355007.0	304.00	558.90
355009.0	303.60	558.40
355011.0	300.70	558.10
355013.0	301.70	557.40
355015.0	301.30	557.90
355017.0	301.20	557.60
355019.0	300.30	556.60
355021.0	301.00	556.00
355023.0	301.40	555.30
355025.0	302.50	554.40
355027.0	303.40	553.80
355029.0	303.40	553.60
355031.0	304.60	554.20
355033.0	305.70	555.10
355035.0	306.40	556.00
355037.0	306.60	556.20
355039.0	306.50	557.10
355041.0	306.70	556.30
355043.0	306.80	556.60
355045.0	306.50	557.10
355047.0	305.40	557.40
355049.0	306.80	558.10
355051.0	306.90	558.90
355053.0	306.40	558.80
355055.0	306.40	557.60
355057.0	305.60	557.80
355059.0	306.60	558.40
355061.0	307.80	559.00
355063.0	307.10	559.10
355065.0	305.60	558.20
355067.0	305.30	557.10
355069.0	305.60	557.00
355071.0	305.10	557.30
355073.0	305.30	557.80
355075.0	304.90	559.20
355077.0	304.40	557.20
355079.0	304.40	557.30
355081.0	304.20	556.80
355083.0	304.00	556.90
355085.0	303.80	557.00
355087.0	304.50	556.60
355089.0	305.60	555.50
355091.0	306.10	554.90
355093.0	305.60	554.90
355095.0	308.20	555.10
355097.0	309.10	554.70
355099.0	309.70	554.90
355101.0	309.70	555.50
355103.0	308.60	555.30
355105.0	309.10	554.30
355107.0	308.40	554.10
355109.0	308.40	553.90
355111.0	307.30	554.00
355113.0	306.70	554.40
355115.0	307.50	554.20
355117.0	305.40	553.70
355119.0	304.40	553.10
355121.0	304.20	553.80
355123.0	304.80	554.40
355125.0	304.00	554.90
355127.0	304.70	554.70
355129.0	306.10	556.90
355131.0	306.20	556.90
355133.0	306.30	557.50
355135.0	306.20	557.50
355137.0	306.00	558.00
355139.0	306.40	559.00
355141.0	307.00	559.30
355143.0	307.10	559.50
355145.0	308.00	559.50
355147.0	309.10	559.30
355149.0	309.10	558.80
355151.0	309.50	558.70
355153.0	309.10	559.70
355155.0	311.00	560.90
355157.0	311.40	560.80
355159.0	311.90	560.00
355161.0	311.10	559.10
355163.0	310.20	559.10
355165.0	309.70	557.80
355167.0	309.60	557.70
355169.0	309.60	556.50
355171.0	309.70	556.40
355173.0	309.50	557.10
355175.0	309.20	556.30
355177.0	309.10	556.20
355179.0	311.10	556.90
355181.0	311.30	558.60
355183.0	308.20	559.20
355185.0	297.70	560.30
355187.0	279.00	562.30
355189.0	254.70	561.00
355191.0	233.80	560.90
355193.0	224.20	560.80
355195.0	228.00	558.70
355197.0	241.10	558.60
355199.0	259.30	559.70
355201.0	271.60	560.50
355203.0	276.00	561.20
355205.0	276.30	565.00
355207.0	273.00	567.70
355209.0	266.10	572.70
355211.0	261.40	574.60
355213.0	260.20	576.10
355215.0	265.30	575.20
355217.0	270.20	572.80
355219.0	272.50	569.60
355221.0	276.90	566.10
355223.0	277.00	565.00
355225.0	278.20	565.70
355227.0	276.40	566.50
355229.0	277.40	568.60
355231.0	278.60	571.80
355233.0	281.50	573.00
355235.0	280.50	573.50
355237.0	280.00	571.70
355239.0	279.70	572.30
355241.0	279.90	573.10
355243.0	280.40	573.10
355245.0	280.10	573.50
355247.0	280.30	573.20
355249.0	281.20	574.10
355251.0	281.40	571.50
355253.0	280.00	570.30
355255.0	279.20	570.40
355257.0	279.00	571.80
355259.0	279.00	570.10
355261.0	279.10	569.40
355263.0	278.30	569.20
355265.0	279.90	569.10
355267.0	279.80	568.70
355269.0	279.00	568.80
355271.0	277.90	568.70
355273.0	277.70	568.00
355275.0	278.00	567.70
355277.0	277.70	567.20
355279.0	276.70	566.60
355281.0	277.20	566.00
