357353.0	1000.10	621.60
357355.0	999.00	622.60
357357.0	998.00	625.20
357359.0	996.60	625.20
357361.0	996.20	624.50
357363.0	997.80	624.20
357365.0	998.70	624.50
357367.0	999.60	624.80
357369.0	999.70	624.90
357371.0	999.80	624.90
357373.0	1000.30	624.00
357375.0	999.80	623.20
357377.0	1002.00	623.00
357379.0	1001.20	623.00
357381.0	1000.70	623.00
357383.0	1000.00	623.20
357385.0	999.10	622.90
357387.0	997.80	625.00
357389.0	997.70	624.10
357391.0	996.90	624.30
357393.0	996.00	624.30
357395.0	996.40	624.10
357397.0	996.50	624.10
357399.0	996.70	623.20
357401.0	996.70	622.60
357403.0	996.40	623.40
357405.0	997.20	622.20
357407.0	997.30	622.00
357409.0	996.80	621.60
357411.0	996.50	620.00
357413.0	996.70	618.90
357415.0	997.00	619.90
357417.0	996.70	619.10
357419.0	997.10	617.90
357421.0	996.40	616.40
357423.0	996.00	616.50
357425.0	997.70	616.70
357427.0	997.40	616.60
357429.0	997.90	615.00
357431.0	998.80	614.40
357433.0	999.90	615.20
357435.0	999.80	614.70
357437.0	999.80	613.80
357439.0	1000.30	613.90
357441.0	1001.40	617.40
357443.0	1002.10	616.90
357445.0	1002.10	616.40
357447.0	1001.70	615.50
357449.0	1001.70	614.10
357451.0	1001.90	614.20
357453.0	1002.00	615.80
357455.0	1001.80	616.90
357457.0	1001.50	616.90
357459.0	1003.40	617.00
357461.0	1002.80	616.90
357463.0	1000.50	616.90
357465.0	1000.10	617.40
357467.0	999.90	618.50
357469.0	998.00	616.40
357471.0	997.80	614.50
357473.0	998.00	614.20
357475.0	998.60	613.70
357477.0	998.60	611.70
357479.0	998.60	611.00
357481.0	998.40	610.10
357483.0	999.30	609.70
357485.0	1000.20	609.70
357487.0	1001.10	609.40
357489.0	1001.20	610.00
357491.0	1001.50	608.50
357493.0	1001.60	608.30
357495.0	1001.80	608.10
357497.0	1001.80	607.10
357499.0	1002.50	608.60
357501.0	1003.60	609.00
357503.0	1004.30	609.20
357505.0	1004.70	609.50
357507.0	1004.30	611.80
357509.0	1004.30	613.40
357511.0	1004.50	614.50
357513.0	1003.90	616.10
357515.0	1002.70	617.50
357517.0	1003.00	618.60
357519.0	1003.00	620.70
357521.0	1001.90	620.30
357523.0	1000.20	618.10
357525.0	999.00	617.40
357527.0	1001.10	615.80
357529.0	1001.80	611.30
357531.0	1004.30	600.70
357533.0	1007.90	585.80
357535.0	1013.10	561.60
357537.0	1023.30	543.10
357539.0	1032.40	504.80
357541.0	1038.80	478.30
357543.0	1045.70	447.40
357545.0	1055.30	418.60
357547.0	1066.60	397.30
357549.0	1069.60	369.70
357551.0	1074.20	358.90
357553.0	1078.10	344.60
357555.0	1078.90	322.00
357557.0	1078.80	307.30
357559.0	1078.80	292.60
357561.0	1080.90	270.50
357563.0	1082.10	255.80
357565.0	1083.20	240.80
357567.0	1082.10	226.20
357569.0	1077.80	215.00
357571.0	1075.20	202.90
357573.0	1071.40	190.90
357575.0	1073.60	186.40
357577.0	1075.50	181.70
357579.0	1078.60	182.40
357581.0	1080.60	183.50
357583.0	1081.30	184.60
357585.0	1082.90	185.20
357587.0	1081.90	185.10
357589.0	1080.90	186.10
357591.0	1081.20	186.70
357593.0	1081.10	187.20
357595.0	1080.90	188.30
357597.0	1080.70	187.80
357599.0	1080.60	188.20
357601.0	1081.00	189.00
357603.0	1080.30	187.30
357605.0	1080.00	187.10
357607.0	1081.40	187.00
357609.0	1081.00	184.90
357611.0	1081.00	183.00
357613.0	1080.90	183.90
357615.0	1080.50	184.40
357617.0	1080.70	186.40
357619.0	1081.30	188.00
357621.0	1081.60	188.80
357623.0	1081.30	192.90
357625.0	1081.90	192.80
357627.0	1082.80	192.40
357629.0	1083.30	192.60
357631.0	1083.70	193.00
357633.0	1083.80	192.20
357635.0	1084.30	191.20
357637.0	1084.20	190.40
357639.0	1083.70	187.50
357641.0	1083.60	187.10
357643.0	1083.30	187.20
357645.0	1082.90	186.80
357647.0	1082.10	186.20
357649.0	1081.50	187.20
357651.0	1081.70	188.50
357653.0	1082.50	188.10
357655.0	1082.10	188.90
357657.0	1083.30	189.60
357659.0	1083.50	190.20
357661.0	1083.70	192.40
357663.0	1084.10	194.00
357665.0	1084.70	194.20
357667.0	1085.00	194.40
357669.0	1085.10	195.50
357671.0	1085.10	197.00
357673.0	1085.20	197.10
357675.0	1086.30	196.90
357677.0	1086.10	196.80
357679.0	1086.30	195.10
357681.0	1086.40	195.90
357683.0	1086.20	196.70
357685.0	1086.20	198.00
357687.0	1086.10	197.80
357689.0	1086.00	197.20
357691.0	1086.20	197.10
357693.0	1087.30	198.30
357695.0	1087.40	196.60
357697.0	1087.20	197.00
357699.0	1086.90	196.30
357701.0	1087.40	195.50
357703.0	1087.50	194.80
357705.0	1087.80	194.90
357707.0	1085.90	192.70
357709.0	1087.20	193.70
357711.0	1086.50	193.80
357713.0	1086.40	193.00
357715.0	1086.40	193.20
357717.0	1087.10	193.70
357719.0	1085.00	191.60
357721.0	1084.70	191.10
357723.0	1084.90	191.40
357725.0	1085.80	191.60
357727.0	1085.70	191.50
357729.0	1085.30	192.50
357731.0	1085.60	192.90
357733.0	1086.00	193.30
357735.0	1086.70	193.50
357737.0	1087.00	194.10
357739.0	1088.20	194.60
357741.0	1088.70	194.80
357743.0	1089.60	194.70
357745.0	1089.90	194.60
357747.0	1089.20	194.70
357749.0	1088.80	194.70
357751.0	1089.10	194.00
357753.0	1089.10	194.20
357755.0	1088.80	194.00
357757.0	1089.20	193.80
357759.0	1088.90	193.60
357761.0	1089.20	191.50
357763.0	1088.90	190.70
357765.0	1089.50	190.90
357767.0	1090.70	190.70
357769.0	1089.60	189.80
357771.0	1088.60	187.50
357773.0	1088.70	188.80
357775.0	1088.80	187.10
357777.0	1088.80	187.80
357779.0	1088.80	188.10
357781.0	1091.80	187.60
357783.0	1092.00	187.80
357785.0	1092.90	187.60
357787.0	1093.50	189.80
357789.0	1093.50	188.40
357791.0	1090.90	185.40
357793.0	1081.20	175.60
357795.0	1066.40	162.30
357797.0	1044.30	146.80
357799.0	1017.60	139.20
357801.0	992.40	119.70
357803.0	973.50	108.00
357805.0	956.30	89.40
357807.0	945.30	66.70
357809.0	941.50	48.30
357811.0	938.10	37.90
357813.0	933.10	21.30
357815.0	930.30	3.20
357817.0	930.80	-9.90
357819.0	932.90	-16.60
357821.0	936.90	-22.60
357823.0	941.00	-26.00
357825.0	946.00	-27.40
357827.0	948.00	-28.80
357829.0	950.60	-29.70
357831.0	949.20	-26.80
357833.0	947.00	-24.20
357835.0	945.10	-21.40
357837.0	944.10	-20.50
357839.0	943.60	-20.50
357841.0	944.50	-20.70
357843.0	943.90	-20.50
357845.0	942.70	-21.00
357847.0	942.80	-20.20
357849.0	942.10	-20.10
357851.0	941.80	-20.40
357853.0	942.00	-20.50
357855.0	942.50	-20.60
357857.0	942.60	-20.60
357859.0	942.90	-20.30
357861.0	943.50	-20.20
357863.0	943.30	-20.10
357865.0	944.30	-20.10
357867.0	944.50	-20.50
357869.0	944.30	-19.80
357871.0	943.50	-19.60
357873.0	943.80	-18.10
357875.0	944.80	-17.00
357877.0	945.80	-15.80
357879.0	944.90	-16.10
357881.0	944.50	-16.20
357883.0	944.00	-15.90
357885.0	944.00	-16.20
357887.0	943.80	-17.10
357889.0	942.20	-18.40
357891.0	943.60	-16.40
357893.0	943.50	-16.00
357895.0	943.40	-15.90
357897.0	943.60	-16.50
357899.0	944.10	-16.80
357901.0	944.10	-16.60
357903.0	943.00	-16.10
357905.0	942.00	-16.30
357907.0	942.30	-17.80
357909.0	941.60	-17.70
357911.0	941.80	-17.30
357913.0	943.60	-17.40
357915.0	943.90	-18.80
357917.0	943.40	-18.80
357919.0	943.40	-20.90
357921.0	942.50	-20.70
357923.0	942.00	-19.80
357925.0	942.30	-18.30
357927.0	942.10	-18.60
357929.0	943.70	-20.20
357931.0	942.50	-20.10
357933.0	941.60	-19.80
357935.0	942.50	-21.20
357937.0	943.10	-21.80
357939.0	943.70	-21.70
357941.0	943.80	-21.50
357943.0	943.50	-21.70
357945.0	943.50	-21.20
357947.0	943.10	-20.60
357949.0	943.10	-21.20
357951.0	942.60	-21.10
357953.0	942.50	-19.90
357955.0	944.20	-20.30
357957.0	944.00	-20.60
357959.0	944.30	-20.20
357961.0	944.90	-18.80
357963.0	945.20	-20.20
357965.0	945.20	-18.90
357967.0	945.50	-19.20
357969.0	946.60	-19.40
357971.0	947.30	-19.30
357973.0	946.80	-18.70
357975.0	946.30	-18.50
357977.0	945.90	-18.50
357979.0	945.50	-18.30
357981.0	944.90	-18.00
357983.0	945.10	-17.10
357985.0	945.60	-16.40
357987.0	945.10	-15.70
357989.0	944.80	-15.50
357991.0	945.30	-15.30
357993.0	945.90	-15.60
357995.0	946.10	-17.50
357997.0	945.80	-15.60
357999.0	945.50	-14.90
358001.0	945.40	-14.70
358003.0	944.40	-15.70
358005.0	944.50	-16.20
358007.0	944.00	-15.80
358009.0	944.00	-15.30
358011.0	943.60	-15.00
358013.0	945.30	-14.70
358015.0	945.40	-14.90
358017.0	944.70	-14.50
358019.0	945.20	-15.30
358021.0	944.50	-15.30
358023.0	946.30	-14.40
358025.0	946.20	-13.60
358027.0	944.30	-13.30
358029.0	944.40	-12.70
358031.0	946.10	-11.90
358033.0	946.20	-9.60
358035.0	947.00	-4.80
358037.0	952.90	1.80
358039.0	965.60	6.70
358041.0	982.30	15.60
358043.0	1003.40	31.20
358045.0	1024.10	48.30
358047.0	1036.10	63.30
358049.0	1049.20	76.80
358051.0	1055.70	88.20
358053.0	1054.10	96.00
358055.0	1049.20	107.10
358057.0	1045.50	113.30
358059.0	1045.00	118.20
358061.0	1044.80	119.50
358063.0	1044.40	119.20
358065.0	1044.10	114.50
358067.0	1042.80	108.90
358069.0	1042.60	106.80
358071.0	1044.60	104.80
358073.0	1045.20	104.80
358075.0	1045.70	106.00
358077.0	1046.00	106.10
358079.0	1046.80	106.40
358081.0	1047.00	106.70
358083.0	1047.10	107.30
358085.0	1047.60	109.40
358087.0	1048.00	109.80
358089.0	1048.10	110.10
358091.0	1048.10	110.10
358093.0	1049.80	110.20
358095.0	1049.90	110.80
358097.0	1049.90	111.40
358099.0	1049.60	111.10
358101.0	1049.20	111.00
358103.0	1049.20	110.50
358105.0	1048.20	110.60
358107.0	1048.00	110.30
358109.0	1048.30	109.50
358111.0	1048.60	109.10
358113.0	1048.70	109.60
358115.0	1048.20	110.50
358117.0	1047.80	110.10
358119.0	1046.50	109.60
358121.0	1046.40	108.70
358123.0	1046.00	109.10
358125.0	1045.40	110.20
358127.0	1045.90	108.20
358129.0	1046.90	108.40
358131.0	1047.10	109.00
358133.0	1047.80	107.20
358135.0	1049.50	106.50
358137.0	1050.40	106.10
358139.0	1050.10	105.50
358141.0	1050.60	105.10
358143.0	1051.20	106.60
358145.0	1051.30	107.20
358147.0	1051.30	107.60
358149.0	1051.40	107.60
358151.0	1050.60	109.60
358153.0	1050.50	109.40
358155.0	1050.80	109.70
358157.0	1050.50	109.80
358159.0	1050.40	110.00
358161.0	1050.20	109.90
358163.0	1049.90	112.20
358165.0	1050.00	112.10
358167.0	1049.70	112.00
358169.0	1049.30	112.00
358171.0	1048.90	112.00
358173.0	1048.70	111.70
358175.0	1048.70	110.40
358177.0	1048.60	109.60
358179.0	1048.90	109.70
358181.0	1049.10	111.40
358183.0	1048.40	111.50
358185.0	1048.60	111.20
358187.0	1048.20	110.60
358189.0	1047.70	110.30
358191.0	1048.40	110.60
358193.0	1049.30	110.70
358195.0	1049.70	109.40
358197.0	1049.70	108.90
358199.0	1049.80	108.60
358201.0	1049.90	110.20
358203.0	1049.80	110.40
358205.0	1049.70	110.60
358207.0	1049.80	110.30
358209.0	1049.70	109.30
358211.0	1049.80	108.90
358213.0	1050.90	109.20
358215.0	1051.90	109.80
358217.0	1051.40	110.40
358219.0	1050.70	111.40
358221.0	1050.70	111.50
358223.0	1050.70	111.30
358225.0	1051.10	111.80
358227.0	1051.20	111.80
358229.0	1051.50	111.40
358231.0	1051.80	112.50
358233.0	1051.60	114.60
358235.0	1051.80	113.00
358237.0	1052.00	112.30
358239.0	1052.20	112.40
358241.0	1052.60	112.00
358243.0	1052.60	111.50
358245.0	1050.90	113.20
358247.0	1050.90	112.80
358249.0	1051.50	112.80
358251.0	1053.50	113.70
358253.0	1053.20	114.00
358255.0	1052.50	115.60
358257.0	1052.30	115.60
358259.0	1051.30	115.10
358261.0	1051.20	116.50
358263.0	1051.20	116.40
358265.0	1051.10	115.70
358267.0	1050.10	115.30
358269.0	1049.60	114.50
358271.0	1049.40	113.70
358273.0	1049.50	113.20
358275.0	1050.20	113.00
358277.0	1050.20	113.50
358279.0	1050.40	113.40
358281.0	1050.80	111.10
358283.0	1050.10	114.30
358285.0	1049.90	113.10
358287.0	1050.00	114.20
358289.0	1050.20	113.80
358291.0	1050.20	113.50
358293.0	1050.30	114.00
358295.0	1049.10	114.80
358297.0	1049.30	114.80
358299.0	1049.60	115.20
358301.0	1049.70	116.20
358303.0	1050.00	116.10
358305.0	1050.50	115.30
358307.0	1050.30	115.10
358309.0	1050.20	116.10
358311.0	1050.20	116.10
358313.0	1050.50	117.30
358315.0	1050.70	117.70
358317.0	1050.30	120.30
358319.0	1051.00	120.20
358321.0	1049.60	119.90
358323.0	1050.20	119.70
358325.0	1051.20	118.10
358327.0	1051.20	117.70
358329.0	1052.50	117.50
358331.0	1053.50	119.50
358333.0	1054.00	118.80
358335.0	1054.70	118.50
358337.0	1055.00	118.90
358339.0	1055.00	118.80
358341.0	1055.20	119.10
358343.0	1055.70	118.40
358345.0	1056.00	118.70
358347.0	1056.10	118.50
358349.0	1056.30	117.70
358351.0	1056.30	117.30
358353.0	1056.10	117.70
358355.0	1056.90	117.30
358357.0	1056.60	116.60
358359.0	1056.30	118.40
358361.0	1056.40	118.50
358363.0	1056.50	118.70
358365.0	1056.50	116.90
358367.0	1055.70	117.50
358369.0	1057.10	116.10
358371.0	1056.70	116.10
358373.0	1056.20	115.50
358375.0	1055.90	116.40
358377.0	1056.00	118.70
358379.0	1056.50	118.10
358381.0	1056.40	117.90
358383.0	1056.90	117.90
358385.0	1057.30	117.30
358387.0	1057.30	117.30
358389.0	1057.40	119.20
358391.0	1057.50	119.80
358393.0	1057.60	119.50
358395.0	1057.50	120.40
358397.0	1057.60	120.50
358399.0	1057.90	120.30
358401.0	1057.70	120.00
358403.0	1057.60	120.50
358405.0	1057.90	121.50
358407.0	1057.60	122.20
358409.0	1058.10	122.40
358411.0	1058.50	122.50
358413.0	1058.10	123.30
358415.0	1058.00	123.90
358417.0	1057.90	124.70
358419.0	1058.30	125.60
358421.0	1057.20	125.30
358423.0	1057.10	125.30
358425.0	1057.00	126.60
358427.0	1057.90	126.60
358429.0	1055.70	127.30
358431.0	1055.00	127.90
358433.0	1054.40	128.10
358435.0	1053.90	128.20
358437.0	1054.30	128.30
358439.0	1054.10	128.50
358441.0	1053.20	128.10
358443.0	1053.00	128.40
358445.0	1052.60	128.10
358447.0	1053.50	127.70
358449.0	1054.10	127.80
358451.0	1054.50	128.30
358453.0	1054.90	128.30
358455.0	1055.10	128.20
358457.0	1055.20	127.60
358459.0	1055.10	130.00
358461.0	1055.60	129.70
358463.0	1056.20	129.80
358465.0	1056.60	129.60
358467.0	1057.40	131.50
358469.0	1057.20	132.10
358471.0	1057.40	132.30
358473.0	1058.50	135.20
358475.0	1059.30	136.30
358477.0	1060.20	140.40
358479.0	1061.10	143.00
358481.0	1061.40	146.30
358483.0	1059.00	149.90
358485.0	1058.10	155.90
358487.0	1055.40	165.10
358489.0	1054.00	172.00
358491.0	1051.00	191.70
358493.0	1047.90	215.70
358495.0	1044.50	234.80
358497.0	1042.60	253.90
358499.0	1042.70	263.00
358501.0	1046.50	274.60
358503.0	1048.70	293.20
358505.0	1052.40	308.00
358507.0	1051.60	329.00
358509.0	1050.80	346.30
358511.0	1050.30	373.40
358513.0	1050.60	401.10
358515.0	1051.60	417.20
358517.0	1048.70	428.10
358519.0	1048.50	447.90
358521.0	1047.50	472.40
358523.0	1051.10	491.50
358525.0	1048.30	511.80
358527.0	1048.30	542.60
358529.0	1049.50	563.70
358531.0	1050.50	577.40
358533.0	1052.30	590.40
358535.0	1052.80	608.20
358537.0	1052.80	621.10
358539.0	1057.50	637.80
358541.0	1060.70	653.00
358543.0	1062.70	675.30
358545.0	1067.10	693.40
358547.0	1068.50	707.10
358549.0	1069.50	712.60
358551.0	1071.30	722.60
358553.0	1070.40	735.20
358555.0	1069.50	746.60
358557.0	1069.20	754.10
358559.0	1071.00	760.20
358561.0	1069.70	767.70
358563.0	1067.70	772.30
358565.0	1066.50	771.50
358567.0	1066.20	766.80
358569.0	1066.30	761.70
358571.0	1067.20	757.70
358573.0	1068.30	757.00
358575.0	1068.70	757.80
358577.0	1067.80	758.60
358579.0	1067.80	760.00
358581.0	1068.10	762.60
358583.0	1070.20	763.30
358585.0	1070.20	765.00
358587.0	1070.20	764.80
358589.0	1070.10	764.90
358591.0	1069.60	765.10
358593.0	1069.90	764.80
358595.0	1070.10	764.20
358597.0	1070.00	764.40
358599.0	1070.30	763.90
358601.0	1068.90	762.70
358603.0	1068.50	761.80
358605.0	1068.80	761.50
358607.0	1068.80	761.80
358609.0	1069.40	762.00
358611.0	1069.60	761.60
358613.0	1069.70	761.60
358615.0	1069.10	762.30
358617.0	1068.90	763.10
358619.0	1069.70	763.50
358621.0	1070.70	764.00
358623.0	1070.80	764.60
358625.0	1070.70	764.20
358627.0	1072.00	763.70
358629.0	1070.30	763.80
358631.0	1070.90	764.30
358633.0	1070.80	765.80
358635.0	1069.90	766.30
358637.0	1068.40	765.70
358639.0	1068.40	764.90
358641.0	1069.10	765.10
358643.0	1069.10	765.10
358645.0	1067.40	763.90
358647.0	1066.90	763.40
358649.0	1065.80	763.50
358651.0	1065.00	763.80
358653.0	1065.90	763.50
358655.0	1065.20	763.40
358657.0	1065.00	763.40
358659.0	1062.80	763.10
358661.0	1063.10	762.50
358663.0	1064.00	761.90
358665.0	1064.20	760.70
358667.0	1064.20	760.80
358669.0	1064.00	760.40
358671.0	1063.70	760.30
358673.0	1063.10	760.00
358675.0	1063.20	759.50
358677.0	1063.30	758.50
358679.0	1063.80	758.60
358681.0	1065.00	758.20
358683.0	1064.50	757.90
358685.0	1064.90	756.70
358687.0	1065.30	758.30
358689.0	1065.10	757.60
358691.0	1065.60	757.80
358693.0	1066.10	756.80
358695.0	1066.20	756.70
358697.0	1066.40	757.10
358699.0	1066.30	755.30
358701.0	1066.00	755.10
358703.0	1066.40	755.20
358705.0	1066.50	756.50
358707.0	1067.70	757.00
358709.0	1068.30	756.20
358711.0	1068.30	756.50
358713.0	1068.60	756.60
358715.0	1068.60	755.50
358717.0	1068.80	755.20
358719.0	1069.10	756.80
358721.0	1070.50	756.30
358723.0	1071.10	755.70
358725.0	1071.00	755.70
358727.0	1071.30	755.70
358729.0	1071.30	755.40
358731.0	1071.20	757.30
358733.0	1071.60	757.80
358735.0	1073.20	757.30
358737.0	1071.60	757.10
358739.0	1072.10	758.00
358741.0	1072.00	758.30
358743.0	1071.50	758.20
358745.0	1070.90	758.20
358747.0	1070.50	759.00
358749.0	1070.10	758.50
358751.0	1069.10	757.80
358753.0	1067.80	757.20
358755.0	1067.10	756.80
358757.0	1067.10	756.70
358759.0	1066.20	756.60
358761.0	1066.10	755.40
358763.0	1064.70	755.50
358765.0	1064.60	755.20
358767.0	1064.50	755.20
358769.0	1064.40	754.40
358771.0	1065.30	754.20
358773.0	1065.50	754.30
358775.0	1064.70	754.00
358777.0	1065.90	755.50
358779.0	1065.80	756.40
358781.0	1065.80	757.10
358783.0	1066.80	759.00
358785.0	1067.10	759.90
358787.0	1067.50	761.40
358789.0	1067.40	762.70
358791.0	1067.20	762.80
358793.0	1067.50	764.70
358795.0	1069.10	765.40
358797.0	1071.40	771.30
358799.0	1071.10	786.20
358801.0	1065.80	799.00
358803.0	1053.30	814.30
358805.0	1040.60	830.90
358807.0	1027.30	854.60
358809.0	1014.30	870.50
358811.0	996.10	885.20
358813.0	987.80	891.80
358815.0	987.40	898.50
358817.0	994.20	912.50
358819.0	1002.60	934.70
358821.0	1008.90	963.90
358823.0	1015.00	1002.20
358825.0	1014.80	1027.50
358827.0	1014.70	1055.80
358829.0	1010.90	1091.00
358831.0	1005.00	1112.40
358833.0	1004.70	1139.40
358835.0	1006.30	1157.80
358837.0	1009.90	1176.90
358839.0	1009.30	1190.80
358841.0	1008.70	1199.10
358843.0	1009.20	1207.70
358845.0	1005.60	1214.70
358847.0	1002.00	1219.20
358849.0	997.50	1220.50
358851.0	996.10	1223.50
358853.0	993.00	1223.80
358855.0	991.90	1224.20
358857.0	991.10	1224.00
358859.0	991.10	1224.20
358861.0	992.50	1223.50
358863.0	989.10	1223.00
358865.0	987.40	1223.30
358867.0	987.40	1223.20
358869.0	988.00	1223.10
358871.0	987.00	1223.00
358873.0	986.50	1222.70
358875.0	986.70	1218.50
358877.0	989.00	1215.90
358879.0	988.90	1215.20
358881.0	987.80	1214.30
358883.0	987.10	1210.50
358885.0	987.20	1208.40
358887.0	986.90	1205.60
358889.0	987.80	1203.40
358891.0	988.60	1201.60
358893.0	987.80	1199.30
358895.0	987.10	1196.40
358897.0	986.90	1192.50
358899.0	986.70	1189.00
358901.0	986.00	1187.00
358903.0	985.90	1185.10
358905.0	985.70	1182.40
358907.0	987.30	1180.20
358909.0	983.90	1176.80
358911.0	983.30	1175.60
358913.0	984.50	1175.10
358915.0	983.80	1172.10
358917.0	982.50	1166.20
358919.0	981.30	1162.50
358921.0	980.00	1158.70
358923.0	979.50	1156.00
358925.0	978.90	1152.90
358927.0	978.10	1151.00
358929.0	976.80	1149.60
358931.0	975.50	1149.00
358933.0	975.50	1146.80
358935.0	975.10	1144.20
358937.0	974.50	1143.30
358939.0	974.90	1142.20
358941.0	974.90	1139.80
358943.0	974.40	1135.60
358945.0	974.40	1135.60
358947.0	975.60	1135.60
358949.0	975.20	1130.50
358951.0	975.10	1127.10
358953.0	975.10	1126.00
358955.0	974.60	1124.00
358957.0	974.20	1124.00
358959.0	975.30	1123.90
358961.0	976.00	1123.60
358963.0	976.10	1121.60
358965.0	975.90	1117.40
358967.0	977.40	1116.80
358969.0	976.90	1113.00
358971.0	976.30	1111.60
358973.0	975.90	1112.20
358975.0	976.20	1108.30
358977.0	975.80	1107.70
358979.0	974.70	1107.20
358981.0	974.70	1106.90
358983.0	974.60	1106.80
358985.0	973.10	1106.90
358987.0	972.80	1107.10
358989.0	975.70	1107.50
358991.0	974.50	1107.50
358993.0	973.60	1107.40
358995.0	973.80	1107.00
358997.0	974.10	1104.90
358999.0	974.60	1103.90
359001.0	974.20	1102.40
359003.0	973.70	1099.40
359005.0	974.40	1099.00
359007.0	974.10	1097.20
359009.0	973.60	1095.30
359011.0	972.70	1092.50
359013.0	974.70	1092.20
359015.0	974.20	1092.40
359017.0	975.30	1091.60
359019.0	975.70	1091.20
359021.0	976.00	1089.70
359023.0	975.90	1087.70
359025.0	976.00	1087.40
359027.0	976.30	1086.50
359029.0	975.40	1085.10
359031.0	975.00	1084.60
359033.0	975.10	1085.60
359035.0	975.30	1084.90
359037.0	975.60	1082.30
359039.0	974.50	1082.10
359041.0	974.30	1082.60
359043.0	974.60	1082.30
359045.0	974.10	1082.30
359047.0	974.50	1079.10
359049.0	975.30	1077.30
359051.0	976.00	1077.70
359053.0	975.30	1077.80
359055.0	974.60	1075.90
359057.0	973.90	1073.80
359059.0	974.60	1073.50
359061.0	973.90	1071.90
359063.0	974.10	1071.00
359065.0	974.30	1068.90
359067.0	975.40	1069.50
359069.0	975.60	1071.60
359071.0	975.80	1068.10
359073.0	976.70	1070.80
359075.0	976.90	1073.30
359077.0	975.70	1071.20
359079.0	975.10	1070.90
359081.0	977.40	1071.70
359083.0	975.60	1068.90
359085.0	975.00	1068.80
359087.0	977.10	1071.40
359089.0	979.30	1074.20
359091.0	978.60	1074.40
359093.0	975.90	1070.70
359095.0	975.90	1070.70
359097.0	975.50	1070.20
359099.0	975.20	1069.80
359101.0	975.40	1070.80
359103.0	975.30	1070.10
359105.0	976.20	1069.30
359107.0	975.70	1069.70
359109.0	975.80	1069.50
359111.0	974.70	1069.30
359113.0	973.60	1069.30
359115.0	974.00	1069.50
359117.0	974.60	1069.50
359119.0	974.40	1069.60
359121.0	973.00	1067.70
359123.0	972.70	1066.00
359125.0	972.10	1067.50
359127.0	974.40	1066.20
359129.0	973.70	1066.10
359131.0	972.80	1067.10
359133.0	971.20	1065.90
359135.0	971.20	1065.10
359137.0	972.60	1065.20
359139.0	973.90	1065.30
359141.0	974.50	1064.60
359143.0	970.70	1064.20
359145.0	970.40	1064.00
359147.0	971.60	1064.00
359149.0	971.80	1061.40
359151.0	971.10	1062.30
359153.0	970.90	1064.60
359155.0	973.00	1066.20
359157.0	975.00	1065.90
359159.0	973.80	1064.90
359161.0	973.20	1065.30
359163.0	973.10	1065.20
359165.0	974.40	1065.40
359167.0	972.50	1065.50
359169.0	969.80	1064.70
359171.0	970.40	1065.60
359173.0	971.10	1066.20
359175.0	971.50	1065.70
359177.0	970.70	1065.70
359179.0	970.60	1067.90
359181.0	970.00	1067.40
359183.0	969.60	1064.80
359185.0	972.50	1067.20
359187.0	971.20	1064.50
359189.0	970.30	1064.60
359191.0	972.80	1066.40
359193.0	972.30	1067.50
359195.0	972.00	1068.00
359197.0	972.70	1069.50
359199.0	973.60	1071.90
359201.0	973.70	1071.00
359203.0	972.10	1070.20
359205.0	971.90	1070.30
359207.0	971.80	1070.90
359209.0	972.00	1072.40
359211.0	973.20	1075.90
359213.0	972.00	1070.70
359215.0	972.20	1072.60
359217.0	969.70	1069.10
359219.0	971.20	1073.70
359221.0	970.70	1074.30
359223.0	970.50	1074.40
359225.0	972.30	1074.10
359227.0	972.90	1076.10
359229.0	972.60	1073.10
359231.0	972.70	1072.90
359233.0	972.80	1072.90
359235.0	973.30	1072.80
359237.0	973.80	1072.40
359239.0	973.70	1071.90
359241.0	970.50	1068.40
359243.0	972.20	1070.40
359245.0	972.80	1068.90
359247.0	972.80	1067.90
359249.0	972.00	1066.40
359251.0	973.40	1071.90
359253.0	973.80	1070.70
359255.0	973.90	1068.00
359257.0	973.80	1069.70
359259.0	973.00	1070.70
359261.0	972.10	1067.50
359263.0	971.70	1067.00
359265.0	971.20	1066.00
359267.0	971.70	1066.00
359269.0	974.10	1069.20
359271.0	973.10	1067.10
359273.0	972.70	1066.90
359275.0	975.20	1067.50
359277.0	973.10	1066.50
359279.0	973.70	1066.40
359281.0	984.00	1078.90
359283.0	983.70	1078.80
359285.0	981.10	1070.80
359287.0	978.70	1065.00
359289.0	985.10	1074.40
359291.0	985.40	1074.20
359293.0	982.70	1066.60
359295.0	984.10	1071.40
359297.0	985.10	1073.30
359299.0	987.00	1074.30
359301.0	986.80	1074.70
359303.0	986.80	1074.80
359305.0	988.80	1076.80
359307.0	988.90	1075.90
359309.0	989.50	1077.30
359311.0	989.30	1078.00
359313.0	991.30	1076.70
359315.0	989.60	1074.90
359317.0	989.70	1074.70
359319.0	990.20	1077.30
359321.0	990.90	1078.70
359323.0	991.50	1077.60
359325.0	991.00	1077.00
359327.0	992.20	1075.70
359329.0	994.90	1074.50
359331.0	994.00	1076.50
359333.0	991.20	1080.90
359335.0	991.00	1081.60
359337.0	991.90	1081.40
359339.0	992.90	1079.20
359341.0	993.60	1080.60
359343.0	992.60	1086.10
359345.0	991.50	1090.30
359347.0	990.20	1093.60
359349.0	989.00	1093.60
359351.0	989.30	1097.00
359353.0	990.30	1104.50
359355.0	990.20	1105.50
359357.0	990.70	1106.90
359359.0	998.00	1108.10
359361.0	1016.60	1106.90
359363.0	1045.70	1091.20
359365.0	1081.00	1068.80
359367.0	1121.70	1042.40
359369.0	1166.10	1013.90
359371.0	1205.40	983.10
359373.0	1241.40	959.20
359375.0	1277.00	929.40
359377.0	1315.20	896.10
359379.0	1357.40	855.10
359381.0	1398.10	817.40
359383.0	1435.00	774.40
359385.0	1462.30	741.10
359387.0	1489.10	704.30
359389.0	1515.20	666.00
359391.0	1537.30	625.90
359393.0	1557.70	591.90
359395.0	1575.10	566.20
359397.0	1598.60	536.20
359399.0	1624.20	513.30
359401.0	1647.00	492.20
359403.0	1658.70	480.90
359405.0	1665.20	463.00
359407.0	1673.90	447.00
359409.0	1680.10	432.40
359411.0	1692.30	420.90
359413.0	1703.60	412.40
359415.0	1710.40	407.80
359417.0	1711.00	405.30
359419.0	1706.00	402.90
359421.0	1700.10	404.00
359423.0	1695.10	406.20
359425.0	1693.20	409.50
359427.0	1692.60	411.20
359429.0	1695.20	411.70
359431.0	1698.10	410.30
359433.0	1700.20	409.60
359435.0	1701.50	410.80
359437.0	1701.60	409.90
359439.0	1700.20	409.60
359441.0	1699.60	410.10
359443.0	1697.00	410.80
359445.0	1697.50	411.10
359447.0	1697.90	410.20
359449.0	1698.20	409.10
359451.0	1698.20	408.30
359453.0	1697.70	408.10
359455.0	1697.20	409.00
359457.0	1695.30	408.80
359459.0	1695.40	407.00
359461.0	1695.70	406.80
359463.0	1696.40	406.60
359465.0	1696.60	405.30
359467.0	1696.90	405.80
359469.0	1697.10	405.00
359471.0	1696.80	404.50
359473.0	1696.60	403.80
359475.0	1697.90	403.60
359477.0	1697.90	403.10
359479.0	1698.00	403.50
359481.0	1699.20	403.80
359483.0	1699.10	404.10
359485.0	1699.20	405.20
359487.0	1699.30	406.70
359489.0	1699.40	408.00
359491.0	1699.80	408.90
359493.0	1700.50	407.70
359495.0	1699.60	407.40
359497.0	1700.20	407.40
359499.0	1700.20	407.60
359501.0	1699.50	407.80
359503.0	1699.70	408.30
359505.0	1699.70	409.30
359507.0	1698.60	409.40
359509.0	1700.00	408.70
359511.0	1699.30	408.60
359513.0	1698.60	409.50
359515.0	1696.70	411.40
359517.0	1695.80	410.50
359519.0	1694.90	410.10
359521.0	1694.70	410.60
359523.0	1694.70	411.10
359525.0	1695.70	410.90
359527.0	1696.80	410.60
359529.0	1697.90	410.30
359531.0	1698.80	409.80
359533.0	1699.60	409.70
359535.0	1700.50	410.60
359537.0	1701.50	411.30
359539.0	1701.50	412.30
359541.0	1700.60	411.60
359543.0	1700.10	412.80
359545.0	1699.90	413.30
359547.0	1697.50	413.90
359549.0	1695.90	414.00
359551.0	1695.90	414.20
359553.0	1696.20	414.40
359555.0	1698.70	411.70
359557.0	1698.80	411.90
359559.0	1699.40	413.10
359561.0	1700.50	413.60
359563.0	1700.30	412.00
359565.0	1701.10	411.90
359567.0	1700.40	414.60
359569.0	1700.60	415.00
359571.0	1698.90	414.10
359573.0	1697.80	414.30
359575.0	1696.50	414.70
359577.0	1696.10	414.70
359579.0	1696.90	413.70
359581.0	1699.80	412.70
359583.0	1699.80	414.50
359585.0	1701.40	414.80
359587.0	1701.10	414.50
359589.0	1700.60	415.00
359591.0	1700.40	416.10
359593.0	1700.40	416.70
359595.0	1698.50	417.30
359597.0	1698.00	417.50
359599.0	1697.50	417.70
359601.0	1696.50	418.00
359603.0	1695.80	418.40
359605.0	1695.60	418.60
359607.0	1695.50	418.40
359609.0	1695.50	418.10
359611.0	1696.10	417.60
359613.0	1696.80	417.60
359615.0	1696.50	418.30
359617.0	1696.80	418.80
359619.0	1697.00	418.80
359621.0	1697.40	418.10
359623.0	1698.10	417.50
359625.0	1698.40	417.20
359627.0	1698.40	417.90
359629.0	1698.20	419.00
359631.0	1696.80	419.70
359633.0	1694.50	420.50
359635.0	1698.80	421.00
359637.0	1712.20	422.90
359639.0	1733.70	425.20
359641.0	1766.70	429.90
359643.0	1801.90	435.40
359645.0	1837.70	449.40
359647.0	1865.10	467.80
359649.0	1886.60	482.80
359651.0	1897.90	493.50
359653.0	1901.30	500.70
359655.0	1899.10	503.70
359657.0	1892.40	507.10
359659.0	1882.70	511.20
359661.0	1873.40	518.40
359663.0	1869.30	521.60
359665.0	1867.80	524.80
359667.0	1868.60	524.00
359669.0	1872.30	519.90
359671.0	1877.80	516.10
359673.0	1881.70	511.90
359675.0	1884.10	511.30
359677.0	1884.00	511.30
359679.0	1883.20	513.10
359681.0	1882.50	515.80
359683.0	1882.30	516.70
359685.0	1881.10	516.00
359687.0	1880.80	516.70
359689.0	1880.60	516.80
359691.0	1880.60	516.40
359693.0	1881.30	516.30
359695.0	1881.40	515.80
359697.0	1881.60	515.40
359699.0	1881.80	516.00
359701.0	1881.80	514.90
359703.0	1881.90	515.10
359705.0	1881.90	515.10
359707.0	1881.80	515.60
359709.0	1881.10	516.40
359711.0	1880.60	516.20
359713.0	1880.80	516.10
359715.0	1881.10	516.10
359717.0	1881.40	516.30
359719.0	1881.00	516.30
359721.0	1881.80	515.20
359723.0	1882.20	517.00
359725.0	1881.70	517.70
359727.0	1881.60	517.60
359729.0	1881.40	517.70
359731.0	1880.80	517.90
359733.0	1881.40	517.30
359735.0	1881.30	517.00
359737.0	1881.50	517.10
359739.0	1881.00	517.50
359741.0	1880.70	519.80
359743.0	1880.80	521.00
359745.0	1881.40	520.50
359747.0	1880.50	520.70
359749.0	1880.70	520.70
359751.0	1880.80	520.90
359753.0	1881.20	520.80
359755.0	1879.80	520.90
359757.0	1880.90	520.70
359759.0	1880.90	521.10
359761.0	1880.80	522.20
359763.0	1880.70	522.50
359765.0	1881.00	522.50
359767.0	1881.30	524.30
359769.0	1881.40	525.60
359771.0	1881.60	525.50
359773.0	1882.10	525.40
359775.0	1882.00	525.40
359777.0	1881.90	525.50
359779.0	1882.00	526.00
359781.0	1882.60	526.50
359783.0	1883.10	526.10
359785.0	1883.90	525.80
359787.0	1883.60	526.10
359789.0	1884.60	526.90
359791.0	1884.90	527.50
359793.0	1885.70	527.70
359795.0	1886.40	527.10
359797.0	1887.00	526.80
359799.0	1887.10	526.60
359801.0	1887.30	526.60
359803.0	1887.50	526.40
359805.0	1887.40	526.70
359807.0	1887.30	527.60
359809.0	1887.60	527.90
359811.0	1888.00	528.00
359813.0	1888.20	528.90
359815.0	1888.20	530.50
359817.0	1888.40	530.10
359819.0	1888.60	529.60
359821.0	1888.70	529.60
359823.0	1888.80	529.70
359825.0	1889.20	530.90
359827.0	1889.00	530.90
359829.0	1888.80	530.50
359831.0	1889.40	530.30
359833.0	1889.70	530.90
359835.0	1890.80	531.30
359837.0	1890.80	532.30
359839.0	1891.20	532.70
359841.0	1892.30	533.10
359843.0	1892.40	533.80
359845.0	1891.80	533.90
359847.0	1891.80	533.80
359849.0	1891.70	534.40
359851.0	1891.40	534.50
359853.0	1891.50	534.60
359855.0	1892.00	534.40
359857.0	1892.50	535.60
359859.0	1894.60	535.30
359861.0	1894.50	535.20
359863.0	1895.20	535.50
359865.0	1895.10	535.70
359867.0	1895.10	535.60
359869.0	1895.00	535.70
359871.0	1895.60	535.00
359873.0	1896.00	535.30
359875.0	1895.90	535.60
359877.0	1896.30	535.50
359879.0	1896.40	535.60
359881.0	1896.30	535.40
359883.0	1896.10	535.70
359885.0	1895.80	536.30
359887.0	1897.20	536.50
359889.0	1897.60	536.10
359891.0	1899.30	535.60
359893.0	1899.30	535.10
359895.0	1899.00	534.50
359897.0	1898.80	534.40
359899.0	1898.90	535.20
359901.0	1899.90	535.40
359903.0	1898.40	535.90
359905.0	1899.40	535.50
359907.0	1899.40	535.70
359909.0	1900.40	535.30
359911.0	1900.70	535.00
359913.0	1900.70	535.10
359915.0	1900.90	535.10
359917.0	1901.00	535.20
359919.0	1901.30	535.20
359921.0	1902.40	535.00
359923.0	1902.70	535.00
359925.0	1904.20	534.90
359927.0	1900.60	536.40
359929.0	1890.70	543.30
359931.0	1871.10	551.30
359933.0	1838.70	563.60
359935.0	1803.20	574.80
359937.0	1761.20	584.90
359939.0	1729.60	595.10
359941.0	1699.30	600.40
359943.0	1689.40	596.90
359945.0	1684.60	596.90
359947.0	1683.50	590.60
359949.0	1689.90	584.80
359951.0	1694.60	584.50
359953.0	1697.80	585.40
359955.0	1697.40	587.30
359957.0	1696.20	587.40
359959.0	1695.90	586.10
359961.0	1693.40	585.60
359963.0	1691.50	585.60
359965.0	1689.90	585.20
359967.0	1688.20	585.20
359969.0	1686.70	585.90
359971.0	1686.80	588.20
359973.0	1687.90	588.30
359975.0	1687.80	589.00
359977.0	1689.00	589.60
359979.0	1689.00	590.00
359981.0	1689.10	590.80
359983.0	1690.10	590.40
359985.0	1690.40	590.00
359987.0	1689.80	590.60
359989.0	1689.80	591.10
359991.0	1689.60	591.50
359993.0	1689.10	591.60
359995.0	1689.30	591.60
359997.0	1690.00	593.90
359999.0	1689.60	593.10
360001.0	1689.40	592.80
360003.0	1689.60	593.90
360005.0	1689.20	594.60
360007.0	1691.20	595.30
360009.0	1691.50	596.20
360011.0	1691.90	596.90
360013.0	1692.20	599.00
360015.0	1692.10	598.60
360017.0	1692.20	597.90
360019.0	1692.50	598.30
360021.0	1692.50	598.40
360023.0	1693.30	599.00
360025.0	1693.70	599.20
360027.0	1693.70	598.90
360029.0	1693.60	598.60
360031.0	1694.90	598.30
360033.0	1694.10	598.50
360035.0	1694.20	598.30
360037.0	1694.00	598.30
360039.0	1693.80	598.70
360041.0	1693.70	599.00
360043.0	1693.80	599.30
360045.0	1693.90	598.70
360047.0	1694.00	598.50
360049.0	1694.30	597.20
360051.0	1694.90	596.10
360053.0	1694.90	596.20
360055.0	1695.50	596.40
360057.0	1695.90	596.20
360059.0	1696.40	596.00
360061.0	1698.00	595.60
360063.0	1698.40	595.30
360065.0	1699.10	594.70
360067.0	1700.60	594.50
360069.0	1700.10	594.60
360071.0	1700.00	595.00
360073.0	1700.30	595.60
360075.0	1701.60	596.70
360077.0	1699.60	598.40
360079.0	1691.50	600.10
360081.0	1676.20	603.00
360083.0	1644.00	607.10
360085.0	1593.20	614.90
360087.0	1535.30	624.20
360089.0	1474.40	628.90
360091.0	1409.70	631.50
360093.0	1347.40	625.30
360095.0	1288.50	618.80
360097.0	1228.80	603.90
360099.0	1173.60	594.90
360101.0	1112.50	587.50
360103.0	1053.80	582.50
360105.0	999.60	581.00
360107.0	943.50	580.80
360109.0	890.30	574.90
360111.0	843.00	569.40
360113.0	791.00	565.10
360115.0	734.50	558.20
360117.0	683.10	552.20
360119.0	635.00	544.40
360121.0	584.20	537.80
360123.0	536.70	530.50
360125.0	489.30	524.00
360127.0	446.20	518.00
360129.0	403.50	516.50
360131.0	362.40	514.30
360133.0	327.70	510.70
360135.0	293.40	505.00
360137.0	273.90	501.20
360139.0	248.30	496.60
360141.0	238.70	492.80
360143.0	234.50	488.30
360145.0	234.60	485.20
360147.0	236.60	481.70
360149.0	243.70	480.50
360151.0	248.90	480.20
360153.0	254.20	479.60
360155.0	253.60	481.90
360157.0	250.60	481.20
360159.0	247.30	480.40
360161.0	243.40	479.60
360163.0	241.90	479.10
360165.0	243.10	479.50
360167.0	243.20	480.50
360169.0	243.60	482.10
360171.0	246.00	482.50
360173.0	246.00	482.30
360175.0	246.80	481.20
360177.0	247.00	480.20
360179.0	247.50	481.10
360181.0	248.40	482.00
360183.0	248.00	482.30
360185.0	247.90	482.80
360187.0	247.50	483.30
360189.0	245.40	482.70
360191.0	247.60	483.00
360193.0	248.00	482.60
360195.0	248.40	483.50
360197.0	248.10	483.50
360199.0	248.10	483.70
360201.0	248.10	484.50
360203.0	248.10	484.70
360205.0	248.10	485.80
360207.0	249.10	486.50
360209.0	249.30	486.40
360211.0	249.20	485.50
360213.0	248.70	487.10
360215.0	248.50	487.20
360217.0	249.20	487.40
360219.0	249.30	487.00
360221.0	249.20	486.50
360223.0	249.80	489.00
360225.0	251.10	489.20
360227.0	252.10	489.30
360229.0	253.30	489.40
360231.0	253.60	489.10
360233.0	253.40	488.40
360235.0	252.90	487.50
360237.0	251.10	488.10
360239.0	250.90	489.90
360241.0	251.10	489.80
360243.0	251.80	489.00
360245.0	253.00	490.30
360247.0	253.50	492.00
360249.0	253.70	491.40
360251.0	253.60	492.70
360253.0	253.50	492.80
360255.0	253.40	493.00
360257.0	254.40	491.80
360259.0	255.20	492.50
360261.0	255.10	492.30
360263.0	254.80	491.50
360265.0	254.70	492.00
360267.0	254.90	492.20
360269.0	255.30	492.60
360271.0	254.60	493.00
360273.0	255.30	493.90
360275.0	255.50	494.40
360277.0	255.70	495.00
360279.0	256.30	496.90
360281.0	257.70	495.80
360283.0	266.40	497.80
360285.0	281.90	498.50
360287.0	304.00	499.80
360289.0	340.20	503.20
360291.0	369.80	504.40
360293.0	403.60	505.90
360295.0	422.00	506.50
360297.0	441.20	511.20
360299.0	451.80	515.50
360301.0	454.00	515.70
360303.0	460.30	516.90
360305.0	461.70	518.30
360307.0	462.40	518.60
360309.0	462.40	515.70
360311.0	462.30	517.00
360313.0	464.10	516.10
360315.0	466.30	516.70
360317.0	468.80	517.30
360319.0	469.40	518.90
360321.0	470.40	520.40
360323.0	469.90	520.90
360325.0	469.60	520.60
360327.0	469.80	520.10
360329.0	470.90	521.00
360331.0	471.40	521.10
360333.0	471.60	520.10
360335.0	471.30	519.90
360337.0	470.80	520.00
360339.0	471.40	519.80
360341.0	471.40	518.70
360343.0	471.40	516.20
360345.0	471.60	516.20
360347.0	471.70	515.80
360349.0	471.70	516.30
360351.0	471.10	516.30
360353.0	473.20	516.30
360355.0	472.80	516.20
360357.0	471.80	515.30
360359.0	471.60	514.60
360361.0	471.50	515.50
360363.0	472.60	515.90
360365.0	473.60	516.10
360367.0	473.70	516.20
360369.0	473.20	516.10
360371.0	472.60	516.30
360373.0	473.30	515.70
360375.0	473.50	514.70
360377.0	473.70	515.20
360379.0	474.00	515.70
360381.0	474.50	515.80
360383.0	475.40	516.00
360385.0	474.30	515.70
360387.0	474.00	515.30
360389.0	475.00	515.30
360391.0	474.90	515.30
360393.0	475.30	516.50
360395.0	475.40	516.60
360397.0	475.40	516.60
360399.0	474.10	516.10
360401.0	474.10	516.60
360403.0	474.20	516.60
360405.0	475.20	517.20
360407.0	475.90	518.00
360409.0	475.80	518.30
360411.0	476.10	518.50
360413.0	476.20	518.10
360415.0	476.70	517.80
360417.0	477.90	518.30
360419.0	478.10	518.40
360421.0	478.10	519.10
360423.0	478.30	519.90
360425.0	479.40	520.20
360427.0	479.50	520.30
360429.0	478.60	520.50
360431.0	479.10	520.80
360433.0	479.80	520.80
360435.0	479.80	522.60
360437.0	479.40	522.70
360439.0	479.50	522.60
360441.0	481.20	521.40
360443.0	481.70	521.30
360445.0	481.60	521.30
360447.0	481.30	521.80
360449.0	481.00	522.30
360451.0	481.10	523.10
360453.0	482.40	523.50
360455.0	482.60	523.30
360457.0	481.90	522.90
360459.0	482.00	523.90
360461.0	481.80	524.10
360463.0	481.70	523.80
360465.0	482.10	524.10
360467.0	482.00	523.50
360469.0	482.10	523.20
360471.0	482.30	523.20
360473.0	482.10	523.20
360475.0	482.40	523.40
360477.0	482.70	523.50
360479.0	482.10	524.40
360481.0	480.50	524.20
360483.0	480.60	523.70
360485.0	480.40	523.00
360487.0	479.80	522.50
360489.0	479.70	522.50
360491.0	481.80	522.30
360493.0	481.30	524.20
360495.0	480.60	524.30
360497.0	481.10	523.90
360499.0	480.20	524.10
360501.0	479.40	525.80
360503.0	479.90	526.00
360505.0	479.60	526.00
360507.0	478.80	525.10
360509.0	478.20	524.70
360511.0	478.60	525.30
360513.0	479.30	526.90
360515.0	479.20	527.50
360517.0	477.90	527.20
360519.0	480.10	527.00
360521.0	480.10	527.20
360523.0	480.70	527.90
360525.0	481.30	528.00
360527.0	481.20	527.20
360529.0	481.50	526.40
360531.0	481.80	528.70
360533.0	483.10	529.30
360535.0	483.20	529.60
360537.0	483.30	530.00
360539.0	482.90	529.20
360541.0	483.60	529.10
360543.0	484.40	530.00
360545.0	485.10	528.70
360547.0	486.00	531.00
360549.0	485.90	532.10
360551.0	486.60	532.80
360553.0	487.00	532.70
360555.0	485.40	532.30
360557.0	486.90	534.80
360559.0	487.40	534.00
360561.0	488.10	533.80
360563.0	488.10	533.50
360565.0	488.10	535.70
360567.0	488.40	535.60
360569.0	488.30	535.40
360571.0	488.50	534.40
360573.0	488.90	534.60
360575.0	488.30	535.00
360577.0	487.70	535.10
360579.0	487.20	534.00
360581.0	487.30	534.90
360583.0	487.30	534.80
360585.0	487.30	535.10
360587.0	487.10	535.90
360589.0	486.50	536.10
360591.0	485.30	537.30
360593.0	485.50	536.60
360595.0	485.80	536.30
360597.0	486.00	534.60
360599.0	486.00	533.40
360601.0	485.80	532.90
360603.0	484.30	533.80
360605.0	484.10	534.00
360607.0	483.80	534.20
360609.0	484.60	535.00
360611.0	485.40	534.50
360613.0	485.40	532.90
360615.0	484.80	533.80
360617.0	485.40	533.90
360619.0	486.00	535.30
360621.0	485.70	535.40
360623.0	485.50	535.70
360625.0	486.80	535.30
360627.0	486.10	534.90
360629.0	484.80	534.90
360631.0	484.80	536.20
360633.0	485.80	536.50
360635.0	487.40	536.70
360637.0	486.40	536.90
360639.0	486.40	536.90
360641.0	487.10	538.90
360643.0	486.80	538.90
360645.0	486.80	538.10
360647.0	487.60	537.70
360649.0	487.60	537.90
360651.0	487.40	538.20
360653.0	486.70	538.90
360655.0	486.20	537.90
360657.0	486.40	538.50
360659.0	486.10	538.80
360661.0	485.60	538.80
360663.0	486.50	538.70
360665.0	487.30	538.50
360667.0	486.00	538.20
360669.0	485.00	537.60
360671.0	486.30	537.80
360673.0	486.20	537.90
360675.0	486.10	538.00
360677.0	486.10	538.20
360679.0	485.60	537.90
360681.0	485.70	537.90
360683.0	485.70	538.30
360685.0	485.10	537.90
360687.0	484.90	539.00
360689.0	486.10	539.00
360691.0	486.20	538.30
360693.0	485.70	539.20
360695.0	485.90	540.30
360697.0	485.80	540.60
360699.0	486.10	540.60
360701.0	488.10	540.20
360703.0	488.10	540.50
360705.0	488.00	541.60
360707.0	487.80	544.00
360709.0	487.90	543.00
360711.0	488.40	542.20
360713.0	489.20	543.20
360715.0	490.20	543.60
360717.0	489.50	543.10
360719.0	488.50	542.70
360721.0	488.50	542.90
360723.0	488.60	543.50
360725.0	488.70	543.50
360727.0	489.10	543.10
360729.0	489.60	543.60
360731.0	489.10	544.10
360733.0	488.50	544.50
360735.0	488.40	544.30
360737.0	488.30	544.20
360739.0	488.50	543.90
360741.0	488.40	543.80
360743.0	488.20	544.00
360745.0	488.70	544.50
360747.0	488.90	544.70
360749.0	489.00	544.90
360751.0	490.00	545.60
360753.0	490.70	546.00
360755.0	490.50	545.70
360757.0	490.70	545.70
360759.0	490.50	546.70
360761.0	490.70	547.20
360763.0	492.30	549.00
360765.0	491.90	549.20
360767.0	491.70	548.50
360769.0	492.00	548.50
360771.0	493.30	549.30
360773.0	493.00	549.90
360775.0	492.80	549.90
360777.0	491.80	549.30
360779.0	494.00	550.20
360781.0	494.50	551.30
360783.0	495.60	552.00
360785.0	495.60	552.20
360787.0	495.40	552.60
360789.0	497.20	554.40
360791.0	496.70	554.50
360793.0	496.70	554.50
360795.0	497.20	553.80
360797.0	497.40	553.90
360799.0	496.80	553.00
360801.0	495.90	553.90
360803.0	496.20	554.80
360805.0	501.30	555.00
360807.0	506.30	553.50
360809.0	518.00	555.60
360811.0	546.30	559.20
360813.0	579.60	564.80
360815.0	621.00	570.30
360817.0	663.90	578.00
360819.0	707.00	584.90
360821.0	744.10	589.90
360823.0	776.50	592.20
360825.0	810.60	592.90
360827.0	841.40	593.80
360829.0	875.60	593.30
360831.0	904.90	597.00
360833.0	942.60	599.10
360835.0	979.20	604.20
360837.0	1012.70	612.90
360839.0	1045.60	625.20
360841.0	1073.20	634.20
360843.0	1098.80	646.70
360845.0	1121.80	653.80
360847.0	1148.20	666.20
360849.0	1174.10	666.70
360851.0	1203.10	669.20
360853.0	1228.60	666.90
360855.0	1255.40	678.40
360857.0	1276.30	689.90
360859.0	1288.00	697.50
360861.0	1288.80	702.80
360863.0	1282.30	703.80
360865.0	1273.20	700.30
360867.0	1266.00	697.30
360869.0	1262.30	693.80
360871.0	1261.30	693.20
360873.0	1261.90	695.20
360875.0	1263.40	697.10
360877.0	1264.50	697.70
360879.0	1265.80	698.40
360881.0	1267.70	698.50
360883.0	1267.70	698.10
360885.0	1268.60	698.30
360887.0	1269.30	698.10
360889.0	1269.00	697.70
360891.0	1268.70	697.00
360893.0	1268.90	697.00
360895.0	1268.70	696.70
360897.0	1269.10	696.30
360899.0	1269.10	696.30
360901.0	1268.80	695.80
360903.0	1268.80	695.90
360905.0	1268.50	695.90
360907.0	1268.20	697.10
360909.0	1269.00	697.10
360911.0	1268.90	695.90
360913.0	1269.00	696.20
360915.0	1268.10	696.50
360917.0	1268.30	697.30
360919.0	1268.50	697.20
360921.0	1268.30	695.70
360923.0	1268.00	697.30
360925.0	1269.20	697.20
360927.0	1268.40	696.50
360929.0	1268.20	696.40
360931.0	1267.70	696.00
360933.0	1268.60	695.30
360935.0	1268.60	695.90
360937.0	1268.60	697.80
360939.0	1268.50	697.90
360941.0	1268.00	696.60
360943.0	1267.30	695.40
360945.0	1267.00	693.50
360947.0	1265.90	692.60
360949.0	1266.20	693.00
360951.0	1266.00	693.80
360953.0	1266.00	694.20
360955.0	1266.60	694.10
360957.0	1266.50	694.10
360959.0	1266.90	693.00
360961.0	1267.20	693.70
360963.0	1267.50	695.10
360965.0	1267.30	696.10
360967.0	1267.00	696.80
360969.0	1267.60	698.30
360971.0	1267.40	697.00
360973.0	1267.00	697.00
360975.0	1266.90	699.40
360977.0	1266.10	698.00
360979.0	1265.90	698.10
360981.0	1265.50	698.10
360983.0	1265.20	698.00
360985.0	1265.10	697.90
360987.0	1265.80	699.10
360989.0	1265.70	697.00
360991.0	1265.70	696.10
360993.0	1265.80	695.30
360995.0	1266.20	695.50
360997.0	1266.00	695.30
360999.0	1265.30	694.60
361001.0	1265.40	693.30
361003.0	1265.10	693.10
361005.0	1266.20	693.00
361007.0	1266.10	692.90
361009.0	1266.50	692.90
361011.0	1267.10	692.80
361013.0	1267.00	692.90
361015.0	1267.40	692.80
361017.0	1267.60	692.70
361019.0	1266.40	692.70
361021.0	1266.40	692.80
361023.0	1265.40	693.70
361025.0	1266.10	693.30
361027.0	1265.90	693.00
361029.0	1265.00	693.40
361031.0	1265.00	693.80
361033.0	1264.90	694.80
361035.0	1264.60	695.20
361037.0	1264.20	695.20
361039.0	1264.20	695.00
361041.0	1263.70	694.90
361043.0	1263.50	694.50
361045.0	1263.40	694.90
361047.0	1262.60	695.20
361049.0	1260.80	694.30
361051.0	1261.20	694.80
361053.0	1262.40	695.90
361055.0	1262.50	696.10
361057.0	1261.60	695.20
361059.0	1261.30	694.60
361061.0	1260.80	692.80
361063.0	1259.60	693.10
361065.0	1260.10	692.90
361067.0	1261.10	692.90
361069.0	1262.00	692.30
361071.0	1262.20	691.50
361073.0	1262.20	691.30
361075.0	1262.50	691.80
361077.0	1262.90	691.80
361079.0	1262.70	691.30
361081.0	1262.70	691.80
361083.0	1262.70	691.50
361085.0	1263.40	691.10
361087.0	1262.60	691.70
361089.0	1262.80	692.30
361091.0	1263.20	693.90
361093.0	1263.30	695.10
361095.0	1263.40	695.50
361097.0	1263.30	695.40
361099.0	1263.60	694.90
361101.0	1263.30	695.70
361103.0	1262.80	694.60
361105.0	1262.60	695.90
361107.0	1262.20	696.00
361109.0	1262.00	695.60
361111.0	1262.70	696.00
361113.0	1262.50	696.60
361115.0	1261.80	696.80
361117.0	1261.60	696.70
361119.0	1262.00	696.70
361121.0	1261.90	697.20
361123.0	1261.80	697.50
361125.0	1261.70	698.50
361127.0	1261.00	698.80
361129.0	1260.70	697.90
361131.0	1260.80	696.90
361133.0	1260.90	696.90
361135.0	1260.70	696.70
361137.0	1260.30	696.70
361139.0	1260.50	696.90
361141.0	1259.80	697.60
361143.0	1259.90	697.60
361145.0	1260.60	697.20
361147.0	1261.20	697.80
361149.0	1260.70	697.70
361151.0	1260.50	696.90
361153.0	1261.40	696.30
361155.0	1261.00	696.70
361157.0	1260.70	697.20
361159.0	1260.50	697.80
361161.0	1260.30	698.20
361163.0	1260.20	697.80
361165.0	1260.20	696.90
361167.0	1260.60	696.80
361169.0	1261.30	696.50
361171.0	1261.50	696.40
361173.0	1261.30	697.50
361175.0	1261.10	697.20
361177.0	1261.10	697.20
361179.0	1260.40	696.20
361181.0	1260.50	696.80
361183.0	1261.40	696.50
361185.0	1262.00	696.80
361187.0	1261.20	697.00
361189.0	1260.80	697.00
361191.0	1260.60	696.80
361193.0	1259.90	696.70
361195.0	1260.80	696.70
361197.0	1261.10	697.10
361199.0	1261.10	697.20
361201.0	1261.80	695.40
361203.0	1261.60	695.60
361205.0	1260.90	696.00
361207.0	1261.00	696.70
361209.0	1261.20	696.40
361211.0	1261.20	696.90
361213.0	1260.90	696.70
361215.0	1260.40	696.40
361217.0	1260.40	696.40
361219.0	1260.20	696.60
361221.0	1260.30	696.80
361223.0	1261.10	697.00
361225.0	1261.00	697.50
361227.0	1261.90	697.10
361229.0	1262.60	696.50
361231.0	1263.10	696.30
361233.0	1262.90	696.30
361235.0	1262.20	695.80
361237.0	1262.90	696.00
361239.0	1263.30	695.80
361241.0	1262.90	694.90
361243.0	1262.40	693.20
361245.0	1261.30	693.30
361247.0	1262.90	692.00
361249.0	1263.20	691.80
361251.0	1264.10	693.00
361253.0	1264.70	692.20
361255.0	1265.90	691.40
361257.0	1265.40	692.40
361259.0	1264.20	692.60
361261.0	1263.70	691.90
361263.0	1264.30	689.50
361265.0	1263.80	688.40
361267.0	1263.60	688.10
361269.0	1263.30	688.40
361271.0	1262.40	688.40
361273.0	1262.20	688.50
361275.0	1262.10	688.80
361277.0	1262.20	688.70
361279.0	1261.80	688.70
361281.0	1261.00	689.70
361283.0	1261.10	692.80
361285.0	1261.70	693.10
361287.0	1262.50	693.00
361289.0	1263.30	693.90
361291.0	1265.30	693.80
361293.0	1265.30	693.00
361295.0	1265.20	692.40
361297.0	1265.40	692.40
361299.0	1265.40	691.30
361301.0	1265.30	689.60
361303.0	1265.30	689.00
361305.0	1265.30	688.40
361307.0	1264.30	687.60
361309.0	1262.90	688.60
361311.0	1263.30	690.40
361313.0	1263.90	689.90
361315.0	1264.00	689.60
361317.0	1263.90	690.30
361319.0	1262.80	690.90
361321.0	1255.30	695.60
361323.0	1238.10	702.50
361325.0	1214.60	704.80
361327.0	1188.40	707.80
361329.0	1156.90	710.20
361331.0	1129.20	708.70
361333.0	1110.70	705.50
361335.0	1094.80	701.60
361337.0	1092.60	699.30
361339.0	1089.20	697.20
361341.0	1085.20	696.90
361343.0	1078.10	696.80
361345.0	1072.40	696.40
361347.0	1069.30	697.30
361349.0	1069.50	699.90
361351.0	1070.20	700.00
361353.0	1074.90	701.10
361355.0	1075.90	701.00
361357.0	1076.00	698.60
361359.0	1075.70	697.30
361361.0	1073.90	696.90
361363.0	1072.30	697.00
361365.0	1070.80	698.50
361367.0	1070.10	698.30
361369.0	1069.50	699.10
361371.0	1068.60	699.50
361373.0	1067.80	699.20
361375.0	1067.70	699.60
361377.0	1067.70	699.50
361379.0	1068.00	699.70
361381.0	1067.70	700.00
361383.0	1067.70	699.80
361385.0	1068.90	698.70
361387.0	1068.40	699.50
361389.0	1068.40	699.30
361391.0	1068.10	698.60
361393.0	1068.90	698.10
361395.0	1069.40	696.90
361397.0	1068.10	697.20
361399.0	1068.30	697.40
361401.0	1069.10	695.80
361403.0	1068.80	696.80
361405.0	1068.70	697.60
361407.0	1068.00	697.10
361409.0	1069.10	696.70
361411.0	1069.60	696.40
361413.0	1070.20	695.20
361415.0	1070.20	697.00
361417.0	1070.40	697.20
361419.0	1070.50	697.40
361421.0	1070.80	698.30
361423.0	1071.10	698.80
361425.0	1071.20	699.10
361427.0	1071.60	700.20
361429.0	1071.70	701.10
361431.0	1072.00	700.90
361433.0	1071.20	700.20
361435.0	1071.00	700.40
361437.0	1070.50	701.60
361439.0	1070.40	702.90
361441.0	1070.40	703.40
361443.0	1070.50	703.10
361445.0	1070.10	702.20
361447.0	1069.80	702.00
361449.0	1070.10	702.20
361451.0	1070.50	702.40
361453.0	1071.00	702.40
361455.0	1072.10	703.50
361457.0	1071.30	703.90
361459.0	1070.80	703.90
361461.0	1069.80	703.80
361463.0	1069.90	703.60
361465.0	1069.50	703.60
361467.0	1069.20	704.00
361469.0	1069.50	704.00
361471.0	1069.60	703.70
361473.0	1069.60	703.10
361475.0	1069.50	703.00
361477.0	1069.90	702.80
361479.0	1068.80	703.80
361481.0	1068.10	703.70
361483.0	1067.40	703.30
361485.0	1067.60	703.70
361487.0	1068.10	704.10
361489.0	1068.00	704.90
361491.0	1067.60	704.90
361493.0	1067.20	704.40
361495.0	1067.50	706.10
361497.0	1067.40	704.90
361499.0	1066.90	704.50
361501.0	1066.30	704.50
361503.0	1066.40	706.00
361505.0	1066.60	705.60
361507.0	1067.50	706.00
361509.0	1067.40	706.30
361511.0	1067.30	706.30
361513.0	1066.60	705.10
361515.0	1066.50	706.90
361517.0	1066.40	705.90
361519.0	1065.60	705.90
361521.0	1065.10	705.70
361523.0	1065.30	705.60
361525.0	1065.80	705.30
361527.0	1066.20	706.70
361529.0	1066.40	706.70
361531.0	1066.80	707.10
361533.0	1067.00	706.80
361535.0	1067.10	706.80
361537.0	1067.00	708.00
361539.0	1066.80	709.00
361541.0	1067.00	708.60
361543.0	1067.70	707.80
361545.0	1067.70	708.20
361547.0	1068.20	706.80
361549.0	1068.40	708.10
361551.0	1069.60	707.80
361553.0	1068.80	708.20
361555.0	1068.20	708.20
361557.0	1068.60	708.10
361559.0	1068.60	708.40
361561.0	1068.10	708.40
361563.0	1068.00	708.00
361565.0	1068.80	708.40
361567.0	1068.20	708.60
361569.0	1068.10	708.30
361571.0	1067.90	708.20
361573.0	1067.60	708.00
361575.0	1067.30	707.90
361577.0	1067.50	706.90
361579.0	1068.60	706.00
361581.0	1066.70	706.10
361583.0	1068.30	706.40
361585.0	1067.80	706.50
361587.0	1067.80	706.00
361589.0	1067.90	705.30
361591.0	1067.90	705.30
361593.0	1067.90	704.50
361595.0	1067.00	703.90
361597.0	1067.30	703.90
361599.0	1067.30	703.50
361601.0	1067.50	703.60
361603.0	1067.60	703.70
361605.0	1067.40	702.70
361607.0	1066.60	700.80
361609.0	1065.90	700.80
361611.0	1065.30	700.00
361613.0	1065.70	700.60
361615.0	1065.90	700.50
361617.0	1065.80	700.90
361619.0	1064.80	700.30
361621.0	1064.70	699.30
361623.0	1064.60	699.10
361625.0	1064.90	698.50
361627.0	1064.90	698.30
361629.0	1063.00	696.70
361631.0	1058.60	692.50
361633.0	1037.40	672.30
361635.0	1017.10	646.10
361637.0	986.80	618.90
361639.0	963.60	587.10
361641.0	942.50	549.30
361643.0	920.90	515.30
361645.0	902.20	477.30
361647.0	888.00	442.60
361649.0	878.30	405.40
361651.0	870.60	375.80
361653.0	868.40	347.40
361655.0	869.80	313.50
361657.0	875.90	282.20
361659.0	881.20	253.10
361661.0	888.40	230.80
361663.0	892.90	215.80
361665.0	899.80	208.40
361667.0	907.60	195.80
361669.0	916.20	183.50
361671.0	924.40	178.30
361673.0	932.10	174.20
361675.0	943.20	168.50
361677.0	951.50	157.40
361679.0	957.00	149.20
361681.0	959.10	148.00
361683.0	955.50	148.40
361685.0	951.90	148.50
361687.0	947.10	151.40
361689.0	944.40	151.60
361691.0	941.60	153.70
361693.0	941.80	151.10
361695.0	942.00	153.20
361697.0	942.10	152.20
361699.0	942.50	150.60
361701.0	943.10	150.60
361703.0	944.50	149.90
361705.0	945.00	150.50
361707.0	945.70	150.60
361709.0	946.00	150.90
361711.0	946.30	149.80
361713.0	945.50	149.20
361715.0	945.10	148.90
361717.0	944.10	148.70
361719.0	943.50	149.60
361721.0	942.20	149.40
361723.0	941.90	147.50
361725.0	941.70	145.80
361727.0	941.50	144.90
361729.0	941.10	142.50
361731.0	941.10	142.00
361733.0	939.50	142.50
361735.0	937.30	140.60
361737.0	938.30	139.60
361739.0	938.10	138.90
361741.0	938.10	138.70
361743.0	937.40	138.80
361745.0	937.40	139.00
361747.0	938.80	139.40
361749.0	938.90	140.10
361751.0	939.60	140.20
361753.0	940.20	140.60
361755.0	940.10	142.00
361757.0	940.10	141.30
361759.0	938.70	141.10
361761.0	938.40	141.90
361763.0	938.90	141.20
361765.0	938.10	139.90
361767.0	938.50	140.60
361769.0	939.60	141.10
361771.0	939.60	140.70
361773.0	939.50	140.30
361775.0	938.80	140.50
361777.0	938.60	139.20
361779.0	939.00	138.80
361781.0	939.50	138.10
361783.0	938.90	137.90
361785.0	938.40	138.20
361787.0	938.00	137.60
361789.0	937.60	136.70
361791.0	936.40	137.00
361793.0	936.30	136.80
361795.0	936.40	136.80
361797.0	936.40	136.70
361799.0	936.40	137.10
361801.0	936.40	136.30
361803.0	936.30	136.00
361805.0	936.50	135.80
361807.0	936.30	134.90
361809.0	935.80	134.70
361811.0	936.00	135.10
361813.0	936.30	136.10
361815.0	936.70	136.80
361817.0	936.60	136.20
361819.0	936.30	136.40
361821.0	935.60	136.60
361823.0	935.10	136.80
361825.0	935.70	136.80
361827.0	935.70	135.80
361829.0	936.30	135.70
361831.0	936.70	135.90
361833.0	936.70	136.80
361835.0	937.30	136.10
361837.0	937.80	135.00
361839.0	937.60	135.40
361841.0	937.60	136.50
361843.0	937.40	137.00
361845.0	936.70	137.70
361847.0	935.10	138.40
361849.0	937.80	138.60
361851.0	936.00	138.90
361853.0	936.60	138.90
361855.0	936.80	139.10
361857.0	936.40	139.20
361859.0	936.20	139.00
361861.0	937.40	138.90
361863.0	937.50	137.80
361865.0	937.40	137.90
361867.0	937.30	138.10
361869.0	937.10	138.40
361871.0	939.00	138.30
361873.0	939.20	138.00
361875.0	938.80	137.90
361877.0	938.50	137.80
361879.0	938.40	136.00
361881.0	938.80	135.20
361883.0	939.20	135.30
361885.0	939.30	135.40
361887.0	939.30	135.60
361889.0	939.00	135.80
361891.0	940.80	138.50
361893.0	941.20	137.50
361895.0	942.60	136.20
361897.0	941.60	136.40
361899.0	941.30	136.50
361901.0	941.60	136.70
361903.0	941.70	136.80
361905.0	941.70	135.60
361907.0	941.60	135.60
361909.0	942.00	135.50
361911.0	941.80	136.50
361913.0	942.50	137.60
361915.0	942.80	137.90
361917.0	942.50	137.40
361919.0	942.50	136.70
361921.0	942.30	137.10
361923.0	942.80	137.70
361925.0	943.30	135.30
361927.0	941.90	137.00
361929.0	941.90	136.30
361931.0	941.70	136.30
361933.0	941.80	136.10
361935.0	943.80	138.30
361937.0	942.70	139.50
361939.0	942.60	140.70
361941.0	942.50	140.20
361943.0	942.30	139.70
361945.0	942.20	139.90
361947.0	942.40	139.20
361949.0	942.90	138.80
361951.0	942.90	139.80
361953.0	942.60	140.30
361955.0	942.40	140.80
361957.0	943.30	141.70
361959.0	943.40	141.50
361961.0	943.20	141.20
361963.0	943.10	141.10
361965.0	943.00	141.00
361967.0	943.70	140.90
361969.0	944.50	140.90
361971.0	944.10	141.00
361973.0	945.10	142.50
361975.0	945.10	142.60
361977.0	945.10	142.70
361979.0	945.40	142.30
361981.0	945.70	142.70
361983.0	946.10	142.60
361985.0	946.00	143.40
361987.0	945.80	143.30
361989.0	946.30	142.70
361991.0	946.20	142.90
361993.0	946.40	141.60
361995.0	947.00	141.00
361997.0	947.50	140.90
361999.0	947.90	143.40
362001.0	948.10	143.30
362003.0	949.20	142.80
362005.0	950.30	142.80
362007.0	951.80	143.50
362009.0	951.90	143.90
362011.0	950.90	144.40
362013.0	950.50	145.20
362015.0	950.90	145.70
362017.0	951.70	145.90
362019.0	952.60	146.20
362021.0	952.90	147.00
362023.0	952.80	148.50
362025.0	951.70	149.30
362027.0	951.60	150.50
362029.0	951.40	152.00
362031.0	951.00	152.50
362033.0	952.00	152.20
362035.0	951.90	152.50
362037.0	952.00	152.10
362039.0	952.00	151.70
362041.0	952.00	152.50
362043.0	951.40	153.00
362045.0	950.30	152.20
362047.0	950.90	153.20
362049.0	951.10	154.00
362051.0	950.20	154.00
362053.0	950.00	154.10
362055.0	950.60	154.20
362057.0	951.50	153.80
362059.0	951.80	153.50
362061.0	951.40	153.80
362063.0	951.30	154.10
362065.0	951.90	154.90
362067.0	952.40	154.50
362069.0	952.40	156.20
362071.0	954.10	156.20
362073.0	954.80	155.80
362075.0	954.40	156.00
362077.0	954.30	157.80
362079.0	957.50	157.60
362081.0	956.30	158.10
362083.0	956.60	158.20
362085.0	957.50	158.50
362087.0	958.60	157.50
362089.0	958.70	158.00
362091.0	958.60	158.60
362093.0	958.60	158.70
362095.0	958.60	158.80
362097.0	957.10	159.40
362099.0	957.00	159.20
362101.0	959.70	158.90
362103.0	960.20	158.60
362105.0	959.80	160.70
362107.0	959.90	161.10
362109.0	959.90	161.90
362111.0	959.90	160.90
362113.0	960.10	161.10
362115.0	960.30	161.10
362117.0	960.10	160.20
362119.0	959.80	159.90
362121.0	959.70	159.10
362123.0	959.10	160.90
362125.0	959.20	160.40
362127.0	959.50	160.80
362129.0	959.00	161.50
362131.0	959.00	161.90
362133.0	957.70	162.10
362135.0	957.70	162.90
362137.0	957.90	163.60
362139.0	955.90	163.80
362141.0	956.90	164.40
362143.0	957.00	164.70
362145.0	956.30	164.90
362147.0	956.80	165.00
362149.0	957.60	166.00
362151.0	957.50	167.70
362153.0	957.70	167.70
362155.0	958.00	168.80
362157.0	958.20	168.80
362159.0	958.30	170.40
362161.0	959.90	172.20
362163.0	960.60	174.90
362165.0	961.20	174.90
362167.0	961.50	176.50
362169.0	961.90	177.90
362171.0	960.50	178.60
362173.0	962.00	179.70
362175.0	962.60	182.20
362177.0	962.10	184.20
362179.0	959.50	190.20
362181.0	959.80	198.10
362183.0	961.60	208.00
362185.0	963.30	227.80
362187.0	964.20	251.90
362189.0	969.70	277.40
362191.0	973.50	291.90
362193.0	978.90	300.40
362195.0	986.60	315.60
362197.0	988.80	335.80
362199.0	990.50	352.70
362201.0	991.90	378.40
362203.0	993.70	393.30
362205.0	994.90	393.60
362207.0	997.40	409.90
362209.0	1002.70	429.70
362211.0	1014.00	457.80
362213.0	1018.90	488.30
362215.0	1020.60	511.50
362217.0	1022.20	542.10
362219.0	1031.40	566.30
362221.0	1041.50	577.40
362223.0	1042.30	590.00
362225.0	1042.30	595.10
362227.0	1041.80	600.70
362229.0	1036.30	616.90
362231.0	1030.70	625.40
362233.0	1022.00	636.90
362235.0	1016.40	643.00
362237.0	1012.40	645.70
362239.0	1006.60	652.30
362241.0	1001.90	658.10
362243.0	1002.40	663.40
362245.0	1004.20	671.10
362247.0	1005.10	680.80
362249.0	1006.80	692.70
362251.0	1006.40	694.90
362253.0	1008.00	696.20
362255.0	1008.00	698.10
362257.0	1006.70	693.80
362259.0	1004.20	690.90
362261.0	1002.80	688.20
362263.0	1003.00	684.30
362265.0	1003.00	677.90
362267.0	1002.90	678.00
362269.0	1002.40	678.10
362271.0	1000.10	678.50
362273.0	999.30	679.70
362275.0	998.70	678.30
362277.0	996.50	677.30
362279.0	996.00	677.30
362281.0	996.00	679.30
362283.0	996.10	683.20
362285.0	996.40	684.10
362287.0	996.60	683.70
362289.0	996.10	683.70
362291.0	996.30	683.30
362293.0	997.80	684.00
362295.0	999.30	683.30
362297.0	999.60	688.20
362299.0	999.20	690.60
362301.0	999.10	691.00
362303.0	1000.00	694.00
362305.0	1000.50	693.90
362307.0	1001.00	692.60
362309.0	1003.10	693.30
362311.0	1003.70	697.80
362313.0	1005.00	699.80
362315.0	1005.30	702.60
362317.0	1005.60	705.90
362319.0	1005.80	708.60
362321.0	1005.20	708.00
362323.0	1004.90	709.10
362325.0	1002.40	709.00
362327.0	1002.70	709.20
362329.0	1001.60	708.90
362331.0	1001.50	709.30
362333.0	1000.50	710.00
362335.0	999.80	710.90
362337.0	999.60	712.00
362339.0	1002.10	712.30
362341.0	1002.70	713.40
362343.0	1005.00	715.40
362345.0	1005.00	716.20
362347.0	1004.50	717.00
362349.0	1006.10	716.90
362351.0	1005.70	718.60
362353.0	1006.80	717.90
