331685.0	963.80	624.20
331687.0	964.70	624.30
331689.0	964.30	623.90
331691.0	963.30	623.60
331693.0	962.70	624.30
331695.0	961.70	624.80
331697.0	963.40	626.00
331699.0	968.40	627.20
331701.0	972.90	625.60
331703.0	985.30	625.00
331705.0	1012.30	623.10
331707.0	1043.90	619.90
331709.0	1083.90	616.60
331711.0	1126.70	611.60
331713.0	1171.90	607.60
331715.0	1212.90	604.70
331717.0	1250.40	602.80
331719.0	1283.40	600.00
331721.0	1314.20	597.40
331723.0	1339.20	595.10
331725.0	1361.50	592.50
331727.0	1377.20	591.90
331729.0	1396.50	589.30
331731.0	1411.60	589.00
331733.0	1433.10	586.20
331735.0	1450.90	583.60
331737.0	1469.10	583.10
331739.0	1478.80	581.80
331741.0	1478.10	583.90
331743.0	1473.60	584.70
331745.0	1467.80	587.20
331747.0	1464.90	589.00
331749.0	1464.90	589.30
331751.0	1465.50	588.50
331753.0	1467.00	590.00
331755.0	1468.50	590.50
331757.0	1468.40	589.30
331759.0	1468.80	588.70
331761.0	1468.50	588.00
331763.0	1467.50	588.00
331765.0	1467.40	587.60
331767.0	1467.10	588.10
331769.0	1467.50	587.60
331771.0	1468.20	586.50
331773.0	1468.20	586.60
331775.0	1468.50	586.10
331777.0	1467.10	585.90
331779.0	1467.10	585.90
331781.0	1467.20	585.70
331783.0	1467.50	585.40
331785.0	1468.70	585.20
331787.0	1470.90	584.20
331789.0	1470.90	583.80
331791.0	1470.70	583.70
331793.0	1470.20	584.00
331795.0	1470.70	584.80
331797.0	1470.70	584.60
331799.0	1469.80	583.80
331801.0	1469.70	585.00
331803.0	1470.40	585.00
331805.0	1470.50	585.60
331807.0	1470.40	585.40
331809.0	1470.30	585.60
331811.0	1471.60	586.50
331813.0	1471.70	587.00
331815.0	1472.10	586.40
331817.0	1472.70	586.30
331819.0	1473.30	588.10
331821.0	1473.30	589.00
331823.0	1473.60	589.00
331825.0	1474.00	589.50
331827.0	1474.80	589.70
331829.0	1474.70	589.90
331831.0	1474.50	590.40
331833.0	1474.60	591.40
331835.0	1474.70	592.30
331837.0	1474.60	592.80
331839.0	1474.50	593.30
331841.0	1473.80	593.50
331843.0	1474.70	593.70
331845.0	1475.30	594.50
331847.0	1474.90	594.60
331849.0	1474.40	594.60
331851.0	1474.20	595.00
331853.0	1474.20	594.90
331855.0	1473.60	594.40
331857.0	1473.20	595.30
331859.0	1473.50	596.40
331861.0	1473.50	596.70
331863.0	1473.30	597.20
331865.0	1473.30	597.40
331867.0	1473.70	598.30
331869.0	1473.30	599.20
331871.0	1473.20	599.90
331873.0	1473.50	600.30
331875.0	1474.50	600.30
331877.0	1473.50	600.90
331879.0	1472.70	601.00
331881.0	1472.40	601.30
331883.0	1472.60	601.70
331885.0	1473.00	601.30
331887.0	1474.00	600.70
331889.0	1474.40	601.80
331891.0	1474.40	601.50
331893.0	1474.20	600.80
331895.0	1473.70	600.80
331897.0	1474.60	601.10
331899.0	1473.20	601.30
331901.0	1473.10	602.00
331903.0	1473.40	602.80
331905.0	1473.90	602.80
331907.0	1473.50	602.30
331909.0	1473.30	602.30
331911.0	1473.30	602.80
331913.0	1473.60	601.70
331915.0	1473.60	603.90
331917.0	1473.70	604.30
331919.0	1473.50	604.30
331921.0	1473.30	604.50
331923.0	1473.90	604.60
331925.0	1474.10	604.60
331927.0	1474.60	605.50
331929.0	1475.00	605.90
331931.0	1474.70	605.70
331933.0	1474.50	605.60
331935.0	1474.20	605.90
331937.0	1473.90	606.50
331939.0	1474.10	606.80
331941.0	1474.20	606.90
331943.0	1474.20	606.90
331945.0	1474.90	607.90
331947.0	1475.60	606.30
331949.0	1475.80	606.20
331951.0	1475.70	606.80
331953.0	1475.50	607.90
331955.0	1475.30	607.80
331957.0	1475.40	608.00
331959.0	1475.50	608.60
331961.0	1475.40	608.80
331963.0	1475.50	608.60
331965.0	1475.70	607.10
331967.0	1475.70	609.10
331969.0	1475.70	608.70
331971.0	1475.70	608.40
331973.0	1475.70	608.30
331975.0	1475.50	608.20
331977.0	1475.20	608.10
331979.0	1475.40	607.50
331981.0	1475.20	609.10
331983.0	1475.20	609.10
331985.0	1475.30	608.90
331987.0	1475.10	609.10
331989.0	1475.20	608.80
331991.0	1475.90	609.70
331993.0	1475.80	610.20
331995.0	1475.80	610.50
331997.0	1475.70	610.50
331999.0	1475.50	610.60
332001.0	1474.90	610.50
332003.0	1475.10	609.00
332005.0	1475.70	608.80
332007.0	1475.40	608.60
332009.0	1475.00	607.60
332011.0	1473.90	607.60
332013.0	1473.70	607.90
332015.0	1473.40	606.70
332017.0	1472.80	606.90
332019.0	1472.80	606.50
332021.0	1472.60	606.10
332023.0	1472.30	606.20
332025.0	1469.70	606.90
332027.0	1469.50	607.30
332029.0	1469.80	609.20
332031.0	1470.30	609.50
332033.0	1470.30	610.20
332035.0	1471.60	611.40
332037.0	1471.80	612.30
332039.0	1471.50	613.10
332041.0	1473.10	613.80
332043.0	1474.70	614.60
332045.0	1475.20	613.90
332047.0	1475.80	614.10
332049.0	1477.40	613.80
332051.0	1478.20	616.20
332053.0	1478.90	616.30
332055.0	1479.00	615.50
332057.0	1479.00	615.60
332059.0	1479.00	614.80
332061.0	1478.90	614.10
332063.0	1478.30	614.10
332065.0	1477.50	615.10
332067.0	1477.30	614.80
332069.0	1478.10	614.10
332071.0	1476.70	613.60
332073.0	1479.10	614.50
332075.0	1477.70	614.70
332077.0	1477.80	614.70
332079.0	1477.90	613.20
332081.0	1478.70	612.50
332083.0	1479.20	611.70
332085.0	1478.90	612.20
332087.0	1478.90	612.60
332089.0	1478.50	612.70
332091.0	1478.60	613.00
332093.0	1478.50	613.20
332095.0	1478.20	613.50
332097.0	1477.10	613.80
332099.0	1476.90	613.10
332101.0	1476.80	614.40
332103.0	1476.90	614.50
332105.0	1475.70	614.70
332107.0	1475.50	615.10
332109.0	1475.20	614.90
332111.0	1473.90	614.90
332113.0	1474.30	614.90
332115.0	1475.70	616.00
332117.0	1475.90	616.30
332119.0	1474.80	615.60
332121.0	1474.60	615.30
332123.0	1474.50	615.80
332125.0	1474.90	616.00
332127.0	1474.10	616.00
332129.0	1473.90	616.30
332131.0	1473.90	617.10
332133.0	1474.20	617.90
332135.0	1479.40	617.70
332137.0	1486.50	613.20
332139.0	1495.70	611.00
332141.0	1514.50	610.80
332143.0	1541.50	603.40
332145.0	1560.80	598.90
332147.0	1581.20	598.30
332149.0	1595.40	595.30
332151.0	1604.20	593.80
332153.0	1609.20	591.60
332155.0	1610.40	587.60
332157.0	1609.30	582.20
332159.0	1607.80	579.00
332161.0	1605.20	579.00
332163.0	1604.40	578.50
332165.0	1605.20	578.40
332167.0	1606.10	579.90
332169.0	1607.20	579.90
332171.0	1607.70	581.80
332173.0	1608.30	582.50
332175.0	1609.00	581.90
332177.0	1609.00	582.70
332179.0	1609.30	582.90
332181.0	1609.50	583.40
332183.0	1609.70	584.30
332185.0	1609.90	584.00
332187.0	1610.10	583.00
332189.0	1610.30	582.70
332191.0	1610.00	583.40
332193.0	1609.40	583.40
332195.0	1611.40	584.00
332197.0	1611.80	583.90
332199.0	1611.80	583.20
332201.0	1611.60	583.40
332203.0	1611.60	582.70
332205.0	1611.60	581.90
332207.0	1610.90	581.90
332209.0	1610.80	580.50
332211.0	1611.10	580.70
332213.0	1611.60	581.00
332215.0	1612.70	581.70
332217.0	1610.90	582.30
332219.0	1610.80	583.30
332221.0	1611.30	584.00
332223.0	1611.90	584.90
332225.0	1612.30	584.90
332227.0	1612.30	584.70
332229.0	1612.70	585.10
332231.0	1613.00	586.10
332233.0	1612.90	586.60
332235.0	1613.50	586.90
332237.0	1613.50	587.70
332239.0	1613.40	588.00
332241.0	1613.30	587.10
332243.0	1613.00	585.90
332245.0	1613.10	585.60
332247.0	1613.50	585.50
332249.0	1613.60	585.90
332251.0	1613.30	586.40
332253.0	1613.80	585.90
332255.0	1613.80	585.80
332257.0	1613.90	586.10
332259.0	1612.90	586.70
332261.0	1613.20	587.00
332263.0	1613.80	586.90
332265.0	1614.50	587.00
332267.0	1614.40	587.50
332269.0	1614.10	587.70
332271.0	1614.00	587.80
332273.0	1613.80	588.00
332275.0	1613.80	588.10
332277.0	1613.10	587.60
332279.0	1613.30	587.40
332281.0	1613.30	587.50
332283.0	1613.30	587.60
332285.0	1613.80	587.80
332287.0	1612.60	587.90
332289.0	1612.90	586.80
332291.0	1612.90	587.40
332293.0	1613.70	587.50
332295.0	1614.80	588.30
332297.0	1615.10	589.40
332299.0	1615.00	588.20
332301.0	1615.30	588.60
332303.0	1614.70	589.20
332305.0	1615.60	590.80
332307.0	1614.90	591.00
332309.0	1614.90	590.70
332311.0	1614.80	590.80
332313.0	1614.60	591.00
332315.0	1617.00	590.60
332317.0	1618.00	590.80
332319.0	1617.50	591.60
332321.0	1617.10	591.80
332323.0	1616.50	591.90
332325.0	1616.30	592.30
332327.0	1616.30	592.30
332329.0	1617.40	592.40
332331.0	1618.00	592.40
332333.0	1618.10	592.00
332335.0	1617.80	590.60
332337.0	1617.70	591.70
332339.0	1616.90	591.20
332341.0	1616.80	591.10
332343.0	1617.50	590.90
332345.0	1618.00	591.10
332347.0	1617.50	591.10
332349.0	1617.70	590.70
332351.0	1617.80	590.40
332353.0	1617.80	590.70
332355.0	1618.70	590.50
332357.0	1617.40	591.50
332359.0	1617.20	590.90
332361.0	1617.20	590.90
332363.0	1617.10	590.80
332365.0	1616.90	590.30
332367.0	1617.70	590.00
332369.0	1618.00	590.00
332371.0	1617.90	590.00
332373.0	1617.90	589.40
332375.0	1618.30	590.50
332377.0	1619.00	590.70
332379.0	1619.00	590.80
332381.0	1618.90	590.70
332383.0	1618.60	590.60
332385.0	1619.40	590.90
332387.0	1619.80	590.90
332389.0	1620.60	591.00
332391.0	1621.10	591.50
332393.0	1620.40	591.90
332395.0	1620.00	591.00
332397.0	1620.00	591.00
332399.0	1620.50	590.90
332401.0	1620.60	590.80
332403.0	1620.40	590.60
332405.0	1620.40	590.60
332407.0	1620.40	590.90
332409.0	1620.40	590.80
332411.0	1620.40	590.70
332413.0	1620.30	590.10
332415.0	1620.30	590.10
332417.0	1620.50	590.60
332419.0	1620.70	590.90
332421.0	1620.60	591.20
332423.0	1620.60	590.50
332425.0	1620.90	590.30
332427.0	1621.20	590.90
332429.0	1620.90	591.00
332431.0	1621.20	590.50
332433.0	1622.10	590.00
332435.0	1622.00	590.90
332437.0	1622.10	591.40
332439.0	1622.20	591.10
332441.0	1621.90	590.80
332443.0	1622.20	591.10
332445.0	1623.30	591.30
332447.0	1623.00	591.80
332449.0	1623.00	591.30
332451.0	1622.90	591.00
332453.0	1622.40	591.30
332455.0	1622.20	591.70
332457.0	1621.70	591.90
332459.0	1621.70	591.80
332461.0	1621.90	591.50
332463.0	1622.20	591.60
332465.0	1621.20	591.20
332467.0	1621.20	590.80
332469.0	1621.50	590.10
332471.0	1621.60	589.20
332473.0	1621.80	587.40
332475.0	1622.10	586.40
332477.0	1622.50	586.10
332479.0	1622.50	585.40
332481.0	1622.20	585.50
332483.0	1622.40	585.40
332485.0	1622.70	585.40
332487.0	1622.70	586.30
332489.0	1622.60	586.60
332491.0	1622.60	586.80
332493.0	1622.80	586.80
332495.0	1622.70	586.70
332497.0	1622.80	586.80
332499.0	1622.80	586.70
332501.0	1622.50	586.30
332503.0	1623.10	586.10
332505.0	1623.40	587.00
332507.0	1623.50	586.40
332509.0	1623.50	585.80
332511.0	1623.60	586.10
332513.0	1623.60	585.80
332515.0	1623.90	585.50
332517.0	1624.30	586.10
332519.0	1623.70	586.60
332521.0	1624.00	586.30
332523.0	1623.00	586.40
332525.0	1623.20	586.10
332527.0	1623.80	585.80
332529.0	1624.00	585.10
332531.0	1624.90	584.30
332533.0	1623.80	584.20
332535.0	1624.30	583.70
332537.0	1624.80	583.70
332539.0	1624.70	584.10
332541.0	1624.50	584.00
332543.0	1623.90	583.70
332545.0	1625.10	582.30
332547.0	1624.90	583.20
332549.0	1624.80	584.00
332551.0	1625.40	583.70
332553.0	1624.90	583.70
332555.0	1625.10	584.20
332557.0	1625.30	585.20
332559.0	1625.70	585.40
332561.0	1626.00	585.50
332563.0	1626.40	586.40
332565.0	1626.60	587.30
332567.0	1626.60	587.10
332569.0	1626.20	586.80
332571.0	1626.70	586.70
332573.0	1626.30	586.80
332575.0	1626.50	587.40
332577.0	1627.00	587.90
332579.0	1627.60	587.70
332581.0	1628.50	587.50
332583.0	1628.20	587.50
332585.0	1627.80	587.60
332587.0	1627.90	587.90
332589.0	1628.50	587.80
332591.0	1628.00	586.80
332593.0	1627.50	586.90
332595.0	1628.50	586.70
332597.0	1628.20	586.70
332599.0	1627.90	588.00
332601.0	1627.90	588.20
332603.0	1628.10	588.60
332605.0	1628.30	588.50
332607.0	1628.40	588.30
332609.0	1628.20	588.30
332611.0	1628.10	587.60
332613.0	1628.50	588.90
332615.0	1628.80	588.80
332617.0	1628.90	588.50
332619.0	1630.60	587.90
332621.0	1629.80	588.00
332623.0	1629.70	588.10
332625.0	1629.20	588.30
332627.0	1630.10	588.60
332629.0	1630.20	589.40
332631.0	1630.60	590.10
332633.0	1631.10	591.00
332635.0	1630.70	591.10
332637.0	1631.60	592.20
332639.0	1631.70	592.20
332641.0	1630.70	592.30
332643.0	1630.20	592.70
332645.0	1629.60	592.70
332647.0	1630.10	592.50
332649.0	1630.50	592.50
332651.0	1631.00	592.20
332653.0	1630.00	591.80
332655.0	1631.40	590.20
332657.0	1631.80	591.70
332659.0	1631.80	591.80
332661.0	1632.10	591.90
332663.0	1633.50	590.80
332665.0	1634.10	589.80
332667.0	1634.50	589.30
332669.0	1634.80	588.80
332671.0	1634.80	588.90
332673.0	1634.30	588.60
332675.0	1633.60	589.90
332677.0	1631.20	589.50
332679.0	1631.10	589.90
332681.0	1630.80	589.30
332683.0	1631.10	588.50
332685.0	1632.50	588.30
332687.0	1632.50	587.40
332689.0	1630.90	588.20
332691.0	1631.60	587.70
332693.0	1631.90	585.20
332695.0	1631.30	585.30
332697.0	1631.30	587.10
332699.0	1631.30	588.00
332701.0	1631.50	588.20
332703.0	1631.80	588.50
332705.0	1632.20	588.50
332707.0	1632.10	588.50
332709.0	1632.30	588.30
332711.0	1633.00	588.10
332713.0	1632.80	588.10
332715.0	1632.60	588.20
332717.0	1632.70	588.20
332719.0	1633.20	588.30
332721.0	1633.40	588.10
332723.0	1633.30	587.80
332725.0	1634.00	587.40
332727.0	1632.90	588.10
332729.0	1632.50	589.00
332731.0	1633.90	588.80
332733.0	1633.90	588.80
332735.0	1633.50	588.80
332737.0	1633.40	588.70
332739.0	1633.80	587.90
332741.0	1632.90	587.50
332743.0	1632.90	587.70
332745.0	1633.20	587.70
332747.0	1633.30	587.60
332749.0	1632.10	588.20
332751.0	1633.10	588.60
332753.0	1633.20	589.10
332755.0	1633.00	589.40
332757.0	1633.00	589.00
332759.0	1633.00	588.80
332761.0	1633.00	588.00
332763.0	1634.00	587.90
332765.0	1633.40	588.00
332767.0	1633.30	586.80
332769.0	1633.90	586.90
332771.0	1634.00	587.20
332773.0	1634.70	587.20
332775.0	1635.10	586.40
332777.0	1635.10	587.30
332779.0	1634.90	587.50
332781.0	1635.40	587.60
332783.0	1636.10	588.40
332785.0	1636.30	588.60
332787.0	1636.30	589.10
332789.0	1636.90	589.60
332791.0	1636.80	589.10
332793.0	1636.70	588.70
332795.0	1636.70	589.30
332797.0	1636.00	589.70
332799.0	1637.50	589.30
332801.0	1637.10	589.20
332803.0	1636.80	589.30
332805.0	1636.80	589.70
332807.0	1637.20	590.40
332809.0	1637.60	590.80
332811.0	1637.50	590.70
332813.0	1637.80	590.30
332815.0	1637.50	590.60
332817.0	1637.30	590.60
332819.0	1637.60	590.20
332821.0	1638.70	589.80
332823.0	1637.00	590.10
332825.0	1637.60	590.10
332827.0	1637.40	590.20
332829.0	1638.10	590.20
332831.0	1638.20	589.90
332833.0	1636.70	589.60
332835.0	1636.40	590.50
332837.0	1636.20	591.30
332839.0	1636.30	591.10
332841.0	1636.30	591.10
332843.0	1636.50	591.70
332845.0	1636.60	591.70
332847.0	1636.60	591.30
332849.0	1636.20	591.20
332851.0	1635.50	591.20
332853.0	1635.20	590.80
332855.0	1635.00	590.90
332857.0	1635.00	591.80
332859.0	1634.90	591.70
332861.0	1635.00	592.40
332863.0	1635.00	592.70
332865.0	1634.90	592.90
332867.0	1634.40	592.80
332869.0	1633.50	593.20
332871.0	1633.10	593.90
332873.0	1633.30	595.40
332875.0	1633.10	596.40
332877.0	1632.90	597.00
332879.0	1633.50	597.10
332881.0	1633.50	596.90
332883.0	1633.70	596.70
332885.0	1633.60	596.50
332887.0	1633.40	595.80
332889.0	1633.10	595.40
332891.0	1633.10	593.80
332893.0	1634.00	594.00
332895.0	1633.90	594.10
332897.0	1634.10	594.00
332899.0	1634.30	593.30
332901.0	1635.30	592.90
332903.0	1636.10	592.80
332905.0	1636.20	592.90
332907.0	1637.00	592.80
332909.0	1637.00	592.60
332911.0	1637.10	592.40
332913.0	1637.00	592.40
332915.0	1637.10	592.40
332917.0	1637.10	592.70
332919.0	1636.80	592.00
332921.0	1636.80	591.50
332923.0	1637.00	590.80
332925.0	1637.00	589.60
332927.0	1636.80	590.40
332929.0	1636.80	590.60
332931.0	1635.70	590.80
332933.0	1635.60	589.40
332935.0	1636.20	589.00
332937.0	1636.60	588.90
332939.0	1637.00	588.70
332941.0	1636.90	589.30
332943.0	1636.40	589.50
332945.0	1636.90	589.50
332947.0	1636.60	589.00
332949.0	1636.70	588.60
332951.0	1636.40	589.00
332953.0	1636.30	589.90
332955.0	1636.10	590.10
332957.0	1636.80	590.10
332959.0	1635.50	591.10
332961.0	1635.10	591.70
332963.0	1635.10	591.60
332965.0	1635.20	590.50
332967.0	1635.20	591.10
332969.0	1635.30	591.10
332971.0	1635.30	591.60
332973.0	1635.40	591.30
332975.0	1635.50	590.70
332977.0	1635.30	590.30
332979.0	1634.90	590.40
332981.0	1634.90	590.20
332983.0	1634.80	590.30
332985.0	1634.00	590.10
332987.0	1634.20	589.70
332989.0	1634.00	589.60
332991.0	1634.00	589.60
332993.0	1634.00	588.90
332995.0	1633.60	588.60
332997.0	1633.50	588.60
332999.0	1633.50	587.30
333001.0	1633.80	586.90
333003.0	1634.10	587.30
333005.0	1633.60	587.70
333007.0	1632.90	587.60
333009.0	1633.10	587.20
333011.0	1633.20	586.60
333013.0	1632.40	586.30
333015.0	1632.80	585.80
333017.0	1632.80	586.30
333019.0	1632.40	587.30
333021.0	1632.80	587.20
333023.0	1632.90	586.80
333025.0	1633.30	586.70
333027.0	1632.30	586.80
333029.0	1632.10	587.50
333031.0	1631.80	588.00
333033.0	1632.50	587.20
333035.0	1633.30	586.70
333037.0	1633.30	587.80
333039.0	1633.30	587.70
333041.0	1633.30	586.60
333043.0	1632.50	586.10
333045.0	1631.40	587.90
333047.0	1631.20	588.10
333049.0	1631.20	588.00
333051.0	1631.30	587.50
333053.0	1631.40	588.10
333055.0	1631.70	588.20
333057.0	1632.00	588.50
333059.0	1631.20	588.80
333061.0	1632.50	588.10
333063.0	1631.80	587.90
333065.0	1631.40	588.90
333067.0	1631.50	589.20
333069.0	1631.60	589.60
333071.0	1631.70	589.50
333073.0	1632.00	589.30
333075.0	1632.10	589.60
333077.0	1632.20	589.70
333079.0	1632.00	590.00
333081.0	1632.00	590.20
333083.0	1631.80	591.70
333085.0	1631.90	591.00
333087.0	1632.10	590.50
333089.0	1632.60	590.60
333091.0	1632.80	590.90
333093.0	1632.50	590.90
333095.0	1632.80	590.80
333097.0	1633.50	589.70
333099.0	1634.40	589.60
333101.0	1634.60	591.20
333103.0	1635.10	591.60
333105.0	1635.20	591.40
333107.0	1635.20	590.90
333109.0	1635.10	590.40
333111.0	1636.40	590.10
333113.0	1636.20	589.10
333115.0	1636.40	589.20
333117.0	1637.50	590.20
333119.0	1636.90	589.50
333121.0	1636.50	589.10
333123.0	1636.30	589.50
333125.0	1636.20	589.90
333127.0	1636.20	589.60
333129.0	1636.30	588.50
333131.0	1636.20	589.20
333133.0	1637.00	588.70
333135.0	1636.80	588.10
333137.0	1637.40	588.10
333139.0	1637.40	589.40
333141.0	1637.60	589.30
333143.0	1637.00	588.40
333145.0	1637.10	588.00
333147.0	1637.00	589.20
333149.0	1637.00	588.70
333151.0	1637.10	588.70
333153.0	1637.10	588.80
333155.0	1637.50	588.90
333157.0	1638.00	588.80
333159.0	1637.00	589.10
333161.0	1636.50	589.40
333163.0	1636.30	589.40
333165.0	1636.80	589.30
333167.0	1636.70	590.00
333169.0	1636.50	590.10
333171.0	1636.20	590.10
333173.0	1635.70	590.30
333175.0	1635.70	590.30
333177.0	1635.80	590.10
333179.0	1636.40	591.00
333181.0	1636.30	590.80
333183.0	1636.80	590.90
333185.0	1636.50	590.80
333187.0	1636.10	590.80
333189.0	1636.20	590.80
333191.0	1636.50	590.10
333193.0	1637.10	590.10
333195.0	1637.20	591.10
333197.0	1637.10	591.60
333199.0	1636.80	591.30
333201.0	1636.90	591.20
333203.0	1637.00	589.80
333205.0	1636.30	590.30
333207.0	1636.00	590.60
333209.0	1636.60	591.30
333211.0	1636.50	592.30
333213.0	1636.50	591.60
333215.0	1636.50	591.60
333217.0	1635.90	590.90
333219.0	1635.50	591.50
333221.0	1635.50	592.70
333223.0	1636.20	592.70
333225.0	1635.20	592.50
333227.0	1635.80	591.90
333229.0	1636.00	590.60
333231.0	1636.30	590.60
333233.0	1635.90	591.30
333235.0	1635.50	591.60
333237.0	1635.80	590.90
333239.0	1635.40	591.40
333241.0	1635.10	591.10
333243.0	1635.00	592.40
333245.0	1635.60	592.30
333247.0	1635.50	592.80
333249.0	1635.30	593.30
333251.0	1635.20	593.20
333253.0	1635.20	593.20
333255.0	1634.90	593.10
333257.0	1634.70	593.70
333259.0	1635.30	594.50
333261.0	1637.10	593.80
333263.0	1637.80	593.20
333265.0	1637.00	593.20
333267.0	1636.40	594.00
333269.0	1634.70	594.40
333271.0	1635.20	595.20
333273.0	1635.70	594.80
333275.0	1634.40	594.50
333277.0	1634.30	594.10
333279.0	1634.20	594.40
333281.0	1634.20	593.70
333283.0	1633.80	593.30
333285.0	1633.50	593.20
333287.0	1632.80	593.30
333289.0	1632.60	593.40
333291.0	1632.50	593.10
333293.0	1632.90	593.20
333295.0	1632.80	593.10
333297.0	1632.60	592.00
333299.0	1632.40	591.90
333301.0	1632.10	592.20
333303.0	1632.60	593.10
333305.0	1633.10	592.80
333307.0	1633.50	592.40
333309.0	1634.50	592.20
333311.0	1633.90	592.20
333313.0	1635.50	592.00
333315.0	1636.00	592.10
333317.0	1636.40	590.30
333319.0	1636.50	590.30
333321.0	1636.60	590.20
333323.0	1636.90	590.00
333325.0	1637.20	589.80
333327.0	1637.10	589.90
333329.0	1637.20	590.00
333331.0	1637.20	590.20
333333.0	1637.30	590.50
333335.0	1637.10	590.50
333337.0	1635.40	592.10
333339.0	1630.40	596.80
333341.0	1617.70	598.60
333343.0	1593.20	603.70
333345.0	1563.20	612.30
333347.0	1522.30	620.20
333349.0	1483.60	626.50
333351.0	1447.70	632.00
333353.0	1419.40	636.40
333355.0	1394.20	638.50
333357.0	1372.40	643.50
333359.0	1357.30	643.20
333361.0	1341.20	647.60
333363.0	1322.90	645.10
333365.0	1307.50	646.30
333367.0	1289.40	647.10
333369.0	1278.40	646.00
333371.0	1275.80	643.40
333373.0	1276.00	643.10
333375.0	1278.20	642.00
333377.0	1281.70	638.90
333379.0	1285.30	638.60
333381.0	1285.90	637.00
333383.0	1286.80	635.50
333385.0	1286.40	634.90
333387.0	1284.10	635.10
333389.0	1282.30	635.00
333391.0	1281.30	635.10
333393.0	1281.10	635.80
333395.0	1280.90	636.70
333397.0	1280.90	637.20
333399.0	1281.10	637.20
333401.0	1280.80	638.10
333403.0	1280.00	636.20
333405.0	1279.60	636.00
333407.0	1278.70	635.60
333409.0	1279.30	635.30
333411.0	1279.10	634.90
333413.0	1279.00	634.60
333415.0	1278.50	633.90
333417.0	1278.50	632.50
333419.0	1278.50	632.30
333421.0	1278.60	631.10
333423.0	1277.20	630.00
333425.0	1277.20	629.80
333427.0	1277.00	631.00
333429.0	1277.00	631.00
333431.0	1277.00	631.00
333433.0	1277.10	630.40
333435.0	1277.40	629.80
333437.0	1277.10	629.90
333439.0	1276.20	630.20
333441.0	1276.50	630.70
333443.0	1276.80	631.30
333445.0	1276.70	631.50
333447.0	1277.40	631.30
333449.0	1277.20	631.50
333451.0	1277.00	631.50
333453.0	1277.00	631.60
333455.0	1277.90	632.40
333457.0	1276.90	631.80
333459.0	1276.90	632.90
333461.0	1277.10	632.60
333463.0	1277.40	633.50
333465.0	1277.50	634.50
333467.0	1278.00	634.50
333469.0	1277.70	635.80
333471.0	1277.90	636.20
333473.0	1278.50	635.60
333475.0	1277.80	635.60
333477.0	1277.60	636.00
333479.0	1278.50	636.30
333481.0	1278.30	636.00
333483.0	1278.30	636.30
333485.0	1278.50	637.10
333487.0	1278.50	637.40
333489.0	1278.50	638.00
333491.0	1278.50	638.90
333493.0	1278.30	638.50
333495.0	1278.60	638.00
333497.0	1278.60	638.30
333499.0	1278.60	638.40
333501.0	1278.80	638.90
333503.0	1279.10	639.30
333505.0	1279.00	639.60
333507.0	1278.40	638.70
333509.0	1278.10	638.70
333511.0	1278.20	638.70
333513.0	1278.20	638.70
333515.0	1278.10	638.80
333517.0	1278.10	639.00
333519.0	1278.40	639.00
333521.0	1278.40	638.70
333523.0	1278.00	639.60
333525.0	1278.00	640.00
333527.0	1278.20	641.00
333529.0	1277.20	639.70
333531.0	1276.90	641.30
333533.0	1280.20	640.80
333535.0	1285.10	640.90
333537.0	1301.70	639.30
333539.0	1324.00	636.60
333541.0	1349.10	632.70
333543.0	1376.80	627.30
333545.0	1400.60	625.30
333547.0	1425.50	623.10
333549.0	1443.80	624.80
333551.0	1464.60	622.40
333553.0	1476.90	621.40
333555.0	1490.40	621.00
333557.0	1494.80	618.40
333559.0	1497.70	615.70
333561.0	1496.80	615.10
333563.0	1496.10	613.80
333565.0	1493.20	612.40
333567.0	1493.30	612.30
333569.0	1493.40	612.50
333571.0	1493.30	612.60
333573.0	1494.90	614.30
333575.0	1495.90	616.20
333577.0	1496.90	616.80
333579.0	1497.40	616.10
333581.0	1497.90	615.70
333583.0	1498.00	616.90
333585.0	1498.10	616.80
333587.0	1497.80	616.40
333589.0	1497.80	616.60
333591.0	1499.30	616.70
333593.0	1498.60	615.00
333595.0	1499.10	614.90
333597.0	1499.40	614.90
333599.0	1499.50	614.90
333601.0	1500.10	615.10
333603.0	1499.70	614.70
333605.0	1499.50	613.80
333607.0	1499.70	613.40
333609.0	1499.60	613.30
333611.0	1499.60	613.40
333613.0	1499.80	613.90
333615.0	1499.80	615.80
333617.0	1499.70	614.80
333619.0	1499.50	616.20
333621.0	1499.40	616.40
333623.0	1499.60	614.40
333625.0	1501.70	614.50
333627.0	1502.30	614.60
333629.0	1502.60	615.00
333631.0	1502.70	615.40
333633.0	1502.80	615.70
333635.0	1503.00	616.10
333637.0	1503.00	616.70
333639.0	1503.20	619.00
333641.0	1503.30	619.00
333643.0	1503.50	620.30
333645.0	1503.50	620.80
333647.0	1503.30	620.20
333649.0	1503.10	620.10
333651.0	1502.80	620.60
333653.0	1502.50	620.80
333655.0	1502.40	621.20
333657.0	1502.90	621.50
333659.0	1502.90	621.50
333661.0	1502.60	619.90
333663.0	1503.00	620.20
333665.0	1501.30	620.30
333667.0	1502.60	620.10
333669.0	1502.50	620.40
333671.0	1502.90	620.00
333673.0	1503.10	619.70
333675.0	1502.90	620.40
333677.0	1502.80	619.20
333679.0	1502.80	619.70
333681.0	1502.30	620.20
333683.0	1501.20	618.20
333685.0	1496.50	618.90
333687.0	1476.30	625.70
333689.0	1448.10	629.50
333691.0	1399.90	635.20
333693.0	1349.40	640.50
333695.0	1295.10	643.30
333697.0	1241.10	641.50
333699.0	1187.40	637.40
333701.0	1140.10	632.40
333703.0	1095.60	629.20
333705.0	1059.30	628.80
333707.0	1027.60	626.50
333709.0	997.60	621.70
333711.0	979.80	620.50
333713.0	960.40	615.30
333715.0	949.10	612.50
333717.0	948.90	610.40
333719.0	952.30	609.70
333721.0	958.50	608.60
333723.0	963.20	607.00
333725.0	965.40	602.20
333727.0	965.90	602.40
333729.0	963.70	603.50
333731.0	962.20	605.00
333733.0	959.50	606.60
333735.0	957.80	608.50
333737.0	956.60	609.60
333739.0	956.70	609.80
333741.0	957.10	610.90
333743.0	957.30	611.80
333745.0	957.90	612.60
333747.0	958.10	612.70
333749.0	958.20	612.10
333751.0	958.80	612.80
333753.0	959.50	613.10
333755.0	958.00	612.80
333757.0	958.20	613.90
333759.0	958.50	613.90
333761.0	958.60	613.00
333763.0	957.50	612.40
333765.0	957.50	612.30
333767.0	958.60	612.40
333769.0	958.60	611.80
333771.0	958.60	610.80
333773.0	958.70	610.50
333775.0	959.40	609.40
333777.0	959.70	607.30
333779.0	959.80	606.10
333781.0	960.00	606.00
333783.0	959.70	606.00
333785.0	959.00	605.20
333787.0	958.10	605.30
333789.0	959.50	606.70
333791.0	959.50	605.40
333793.0	959.40	608.30
333795.0	959.40	607.80
333797.0	957.20	607.60
333799.0	956.50	607.70
333801.0	957.10	607.80
333803.0	957.10	608.00
333805.0	956.60	608.50
333807.0	956.90	608.20
333809.0	957.10	609.00
333811.0	957.00	609.20
333813.0	956.10	607.40
333815.0	956.20	607.60
333817.0	957.30	607.50
333819.0	957.90	607.90
333821.0	956.80	608.10
333823.0	957.20	608.00
333825.0	957.20	608.00
333827.0	957.40	608.50
333829.0	957.90	609.60
333831.0	958.10	609.50
333833.0	958.20	610.80
333835.0	960.00	611.40
333837.0	960.00	611.00
333839.0	958.40	610.50
333841.0	958.70	611.90
333843.0	959.30	612.20
333845.0	959.40	612.30
333847.0	959.60	611.80
333849.0	959.60	611.70
333851.0	959.80	611.30
333853.0	959.60	611.50
333855.0	959.30	611.70
333857.0	959.30	611.10
333859.0	959.10	610.80
333861.0	959.00	611.20
333863.0	959.00	610.60
333865.0	959.00	610.40
333867.0	959.10	611.10
333869.0	959.40	611.60
333871.0	958.60	612.10
333873.0	958.10	612.10
333875.0	958.10	611.80
333877.0	958.30	611.20
333879.0	958.40	610.70
333881.0	958.40	611.70
333883.0	956.30	612.70
333885.0	956.90	612.30
333887.0	957.90	611.10
333889.0	957.90	610.50
333891.0	956.20	608.60
333893.0	958.30	608.80
333895.0	958.50	609.70
333897.0	957.90	609.50
333899.0	957.50	610.60
333901.0	957.40	611.10
333903.0	957.50	611.10
333905.0	959.40	611.20
333907.0	958.30	611.90
333909.0	958.10	612.90
333911.0	958.10	613.80
333913.0	958.40	614.30
333915.0	958.40	614.40
333917.0	958.20	612.60
333919.0	958.60	613.30
333921.0	958.40	615.20
333923.0	958.10	615.50
333925.0	957.50	616.20
333927.0	957.70	615.60
333929.0	958.10	615.70
333931.0	957.60	615.10
333933.0	956.70	614.70
333935.0	956.90	616.00
333937.0	956.90	616.60
333939.0	957.30	616.80
333941.0	957.90	616.80
333943.0	957.30	616.80
333945.0	956.20	616.50
333947.0	957.60	616.00
333949.0	956.20	616.10
333951.0	957.10	617.60
333953.0	958.60	618.10
333955.0	958.70	619.60
333957.0	958.70	619.90
333959.0	958.70	619.60
333961.0	958.90	619.90
333963.0	958.80	620.40
333965.0	960.00	621.70
333967.0	960.80	620.90
333969.0	960.70	620.40
333971.0	961.50	621.30
333973.0	961.20	621.30
333975.0	961.30	621.30
333977.0	961.90	620.90
333979.0	961.80	620.50
333981.0	962.30	620.40
333983.0	963.20	620.50
333985.0	963.20	620.50
333987.0	965.10	620.60
333989.0	965.50	620.50
333991.0	965.70	619.60
333993.0	965.60	619.60
333995.0	964.50	619.70
333997.0	963.80	620.10
333999.0	963.80	620.60
334001.0	963.80	620.10
334003.0	963.70	619.50
334005.0	964.30	619.80
334007.0	964.50	619.40
334009.0	964.10	619.30
334011.0	964.10	619.40
334013.0	964.00	621.30
334015.0	963.20	620.70
334017.0	962.70	620.70
334019.0	963.90	620.90
334021.0	964.00	620.50
334023.0	964.00	620.40
334025.0	963.30	620.40
334027.0	963.30	620.40
334029.0	965.10	619.30
334031.0	970.10	618.60
334033.0	983.00	616.40
334035.0	1000.30	611.90
334037.0	1017.10	607.60
334039.0	1031.70	606.10
334041.0	1041.00	603.20
334043.0	1043.50	601.30
334045.0	1043.50	600.60
334047.0	1043.40	600.10
334049.0	1041.00	599.60
334051.0	1040.70	599.40
334053.0	1039.80	599.60
334055.0	1039.30	599.30
334057.0	1037.40	599.80
334059.0	1037.20	599.90
334061.0	1037.60	599.90
334063.0	1038.30	601.00
334065.0	1038.70	601.60
334067.0	1039.20	602.00
334069.0	1039.30	601.70
334071.0	1039.30	603.20
334073.0	1039.30	603.30
334075.0	1039.70	604.00
334077.0	1039.60	604.10
334079.0	1039.30	603.00
334081.0	1039.10	602.20
334083.0	1039.30	601.90
334085.0	1039.80	602.80
334087.0	1040.90	602.70
334089.0	1040.40	603.30
334091.0	1040.00	603.00
334093.0	1039.70	603.10
334095.0	1039.60	603.10
334097.0	1040.50	602.70
334099.0	1040.00	602.80
334101.0	1041.50	604.10
334103.0	1041.30	602.90
334105.0	1040.90	603.10
334107.0	1041.00	603.10
334109.0	1040.60	603.80
334111.0	1040.40	604.50
334113.0	1040.70	604.20
334115.0	1040.70	603.00
334117.0	1040.70	603.00
334119.0	1041.70	604.80
334121.0	1041.50	605.10
334123.0	1040.80	606.00
334125.0	1040.20	606.00
334127.0	1040.10	604.20
334129.0	1040.70	606.10
334131.0	1041.00	606.60
334133.0	1040.50	606.60
334135.0	1040.40	606.60
334137.0	1041.00	606.80
334139.0	1041.40	607.20
334141.0	1041.90	607.50
334143.0	1040.30	608.00
334145.0	1040.40	608.40
334147.0	1040.60	607.70
334149.0	1040.40	607.20
334151.0	1039.30	608.00
334153.0	1041.00	608.70
334155.0	1039.80	609.20
334157.0	1039.70	609.80
334159.0	1039.50	610.10
334161.0	1039.50	610.50
334163.0	1042.10	610.80
334165.0	1047.00	613.10
334167.0	1062.00	611.70
334169.0	1087.20	609.90
334171.0	1125.50	606.20
334173.0	1166.70	601.90
334175.0	1208.30	598.30
334177.0	1249.60	594.40
334179.0	1284.20	592.40
334181.0	1316.70	592.40
334183.0	1342.90	591.80
334185.0	1365.20	590.00
334187.0	1385.10	588.00
334189.0	1410.80	587.00
334191.0	1437.90	585.50
334193.0	1467.90	583.10
334195.0	1495.70	582.70
334197.0	1517.80	580.20
334199.0	1531.60	579.20
334201.0	1535.10	580.10
334203.0	1534.70	582.90
334205.0	1527.80	583.80
334207.0	1522.80	582.70
334209.0	1518.60	582.10
334211.0	1516.60	583.90
334213.0	1518.50	584.10
334215.0	1520.90	584.60
334217.0	1523.80	585.00
334219.0	1525.90	585.10
334221.0	1527.10	584.80
334223.0	1526.60	584.10
334225.0	1526.00	585.00
334227.0	1525.80	586.10
334229.0	1525.70	586.40
334231.0	1525.70	585.70
334233.0	1525.60	584.10
334235.0	1525.40	583.50
334237.0	1525.30	582.70
334239.0	1528.60	582.30
334241.0	1530.10	582.50
334243.0	1530.50	582.60
334245.0	1529.80	582.70
334247.0	1529.20	582.70
334249.0	1528.50	580.30
334251.0	1528.90	580.00
334253.0	1527.80	580.10
334255.0	1528.30	579.30
334257.0	1527.80	580.00
334259.0	1527.60	580.90
334261.0	1526.80	581.10
334263.0	1526.70	581.30
334265.0	1526.50	580.70
334267.0	1526.50	581.50
334269.0	1526.50	581.60
334271.0	1526.60	583.10
334273.0	1527.00	583.60
334275.0	1527.50	584.80
334277.0	1526.30	586.20
334279.0	1527.10	586.30
334281.0	1526.80	585.70
334283.0	1526.20	587.00
334285.0	1526.00	587.80
334287.0	1526.20	587.50
334289.0	1526.30	588.00
334291.0	1525.70	589.70
334293.0	1525.20	588.50
334295.0	1525.90	588.70
334297.0	1526.50	589.20
334299.0	1526.70	589.90
334301.0	1526.20	590.20
334303.0	1525.90	590.10
334305.0	1525.10	590.60
334307.0	1525.10	588.90
334309.0	1525.20	588.70
334311.0	1525.30	589.10
334313.0	1525.90	590.00
334315.0	1526.10	590.10
334317.0	1525.80	589.70
334319.0	1525.70	590.10
334321.0	1525.70	590.60
334323.0	1525.70	590.00
334325.0	1525.80	589.70
334327.0	1525.60	589.70
334329.0	1525.30	589.70
334331.0	1525.00	590.10
334333.0	1524.90	591.40
334335.0	1525.20	592.30
334337.0	1525.30	592.00
334339.0	1525.20	592.00
334341.0	1524.60	592.10
334343.0	1524.50	592.80
334345.0	1524.30	593.80
334347.0	1524.50	593.90
334349.0	1524.70	594.00
334351.0	1524.70	593.60
334353.0	1524.50	593.40
334355.0	1524.40	593.80
334357.0	1524.50	594.80
334359.0	1523.80	595.00
334361.0	1523.60	594.90
334363.0	1524.50	594.80
334365.0	1524.50	594.90
334367.0	1525.10	594.80
334369.0	1525.10	595.00
334371.0	1524.70	595.10
334373.0	1525.00	595.10
334375.0	1524.10	595.20
334377.0	1523.80	595.50
334379.0	1524.50	595.40
334381.0	1524.70	594.40
334383.0	1524.40	593.90
334385.0	1524.40	594.40
334387.0	1524.30	594.30
334389.0	1524.30	594.80
334391.0	1524.40	594.70
334393.0	1525.50	593.70
334395.0	1525.60	593.90
334397.0	1525.50	593.40
334399.0	1525.60	592.30
334401.0	1526.60	592.80
334403.0	1528.20	591.90
334405.0	1528.20	591.50
334407.0	1527.90	592.20
334409.0	1529.30	591.60
334411.0	1529.90	591.50
334413.0	1530.30	591.00
334415.0	1530.50	591.80
334417.0	1530.00	591.70
334419.0	1530.40	591.70
334421.0	1530.80	592.70
334423.0	1531.00	591.80
334425.0	1531.00	591.10
334427.0	1531.50	590.70
334429.0	1531.80	588.20
334431.0	1531.70	589.20
334433.0	1531.50	589.80
334435.0	1531.30	590.60
334437.0	1531.60	590.40
334439.0	1532.10	589.60
334441.0	1532.40	589.30
334443.0	1531.50	589.30
334445.0	1531.00	588.90
334447.0	1531.30	589.20
334449.0	1530.80	589.60
334451.0	1531.80	589.10
334453.0	1531.80	589.50
334455.0	1531.50	589.80
334457.0	1531.50	589.50
334459.0	1531.20	589.80
334461.0	1531.30	590.40
334463.0	1531.60	590.70
334465.0	1531.50	590.20
334467.0	1531.50	590.50
334469.0	1531.10	591.30
334471.0	1530.80	592.00
334473.0	1530.30	591.60
334475.0	1530.40	592.20
334477.0	1530.30	591.00
334479.0	1530.40	591.70
334481.0	1530.00	591.90
334483.0	1529.90	592.10
334485.0	1530.00	592.60
334487.0	1529.30	593.00
334489.0	1529.30	591.90
334491.0	1529.50	590.80
334493.0	1529.40	591.10
334495.0	1529.00	591.20
334497.0	1529.30	591.50
334499.0	1529.80	590.90
334501.0	1530.10	590.30
334503.0	1529.30	590.10
334505.0	1528.90	590.00
334507.0	1528.70	589.90
334509.0	1528.90	589.60
334511.0	1529.90	588.70
334513.0	1529.20	588.20
334515.0	1529.20	587.80
334517.0	1529.60	587.50
334519.0	1529.80	587.50
334521.0	1529.70	587.30
334523.0	1529.90	588.20
334525.0	1529.80	587.90
334527.0	1529.40	587.60
334529.0	1529.60	587.70
334531.0	1529.60	587.50
334533.0	1529.30	587.90
334535.0	1529.40	587.90
334537.0	1529.30	588.00
334539.0	1529.30	588.30
334541.0	1529.40	587.90
334543.0	1531.50	588.90
334545.0	1536.20	588.40
334547.0	1548.40	587.00
334549.0	1569.00	584.50
334551.0	1592.00	582.90
334553.0	1616.80	579.60
334555.0	1640.10	578.50
334557.0	1657.60	576.90
334559.0	1665.80	576.60
334561.0	1674.50	577.40
334563.0	1681.00	574.30
334565.0	1685.00	572.30
334567.0	1695.00	568.70
334569.0	1703.30	567.50
334571.0	1708.20	567.80
334573.0	1710.20	569.00
334575.0	1710.00	570.80
334577.0	1707.60	571.60
334579.0	1706.90	571.60
334581.0	1705.10	572.10
334583.0	1705.50	571.90
334585.0	1706.00	571.60
334587.0	1707.00	571.70
334589.0	1709.10	571.80
334591.0	1709.50	571.50
334593.0	1710.10	571.00
334595.0	1710.00	571.10
334597.0	1710.90	571.70
334599.0	1711.90	571.70
334601.0	1712.10	572.00
334603.0	1712.90	572.20
334605.0	1713.10	572.30
334607.0	1713.30	571.70
334609.0	1713.50	571.10
334611.0	1713.00	571.20
334613.0	1713.10	571.10
334615.0	1713.30	571.10
334617.0	1712.40	571.20
334619.0	1712.10	571.30
334621.0	1712.50	571.10
334623.0	1712.90	570.90
334625.0	1713.10	570.40
334627.0	1713.70	571.00
334629.0	1714.50	571.00
334631.0	1714.30	571.00
334633.0	1714.10	571.00
334635.0	1714.10	570.40
334637.0	1714.40	570.20
334639.0	1714.70	570.10
334641.0	1714.20	570.00
334643.0	1713.70	569.80
334645.0	1713.60	569.30
334647.0	1713.50	570.70
334649.0	1712.90	571.20
334651.0	1712.60	571.20
334653.0	1711.90	571.00
334655.0	1711.70	571.80
334657.0	1711.30	573.10
334659.0	1710.20	573.10
334661.0	1709.50	572.00
334663.0	1709.20	572.50
334665.0	1710.20	572.60
334667.0	1710.40	572.80
334669.0	1710.40	572.80
334671.0	1710.50	572.30
334673.0	1710.70	572.10
334675.0	1710.40	570.80
334677.0	1710.80	570.70
334679.0	1709.50	570.20
334681.0	1709.60	570.30
334683.0	1710.00	571.70
334685.0	1709.20	571.40
334687.0	1709.50	573.00
334689.0	1711.40	572.50
334691.0	1710.80	573.00
334693.0	1711.00	573.30
334695.0	1711.60	573.20
334697.0	1711.90	574.10
334699.0	1712.30	574.70
334701.0	1711.80	574.90
334703.0	1710.30	574.80
334705.0	1710.80	574.30
334707.0	1710.80	573.80
334709.0	1710.30	574.50
334711.0	1710.20	575.20
334713.0	1709.80	575.80
334715.0	1709.70	575.60
334717.0	1709.70	575.90
334719.0	1710.60	577.30
334721.0	1709.50	576.00
334723.0	1708.80	575.80
334725.0	1708.80	575.90
334727.0	1709.20	577.50
334729.0	1709.50	577.50
334731.0	1710.10	577.50
334733.0	1709.30	577.50
334735.0	1708.80	577.60
334737.0	1708.70	579.00
334739.0	1709.10	579.20
334741.0	1709.50	578.60
334743.0	1710.30	578.00
334745.0	1710.40	577.40
334747.0	1710.90	577.10
334749.0	1711.00	577.50
334751.0	1710.90	577.70
334753.0	1711.00	577.00
334755.0	1711.00	576.90
334757.0	1710.00	577.60
334759.0	1710.00	577.40
334761.0	1709.20	577.60
334763.0	1709.80	577.30
334765.0	1710.00	578.20
334767.0	1709.60	578.30
334769.0	1709.60	578.60
334771.0	1709.90	577.80
334773.0	1710.60	578.80
334775.0	1710.70	578.70
334777.0	1710.70	577.90
334779.0	1710.70	578.80
334781.0	1710.00	579.50
334783.0	1709.80	578.60
334785.0	1710.00	578.60
334787.0	1710.10	579.70
334789.0	1710.20	579.40
334791.0	1710.00	579.60
334793.0	1709.90	578.80
334795.0	1710.10	578.80
334797.0	1709.90	578.40
334799.0	1709.90	578.00
334801.0	1709.90	580.00
334803.0	1709.90	580.40
334805.0	1710.30	579.30
334807.0	1710.40	578.60
334809.0	1710.80	578.70
334811.0	1710.60	579.40
334813.0	1709.80	579.50
334815.0	1709.30	579.60
334817.0	1709.30	579.40
334819.0	1709.40	578.90
334821.0	1709.30	578.80
334823.0	1709.60	578.20
334825.0	1709.30	578.40
334827.0	1708.60	579.00
334829.0	1708.60	579.20
334831.0	1708.90	579.40
334833.0	1708.40	579.10
334835.0	1708.30	579.10
334837.0	1708.60	578.60
334839.0	1707.90	578.10
334841.0	1708.20	578.30
334843.0	1708.20	579.30
334845.0	1708.50	579.70
334847.0	1708.30	579.90
334849.0	1708.50	579.50
334851.0	1708.60	579.50
334853.0	1708.70	580.00
334855.0	1708.80	579.90
334857.0	1708.40	579.90
334859.0	1708.80	580.10
334861.0	1708.90	578.50
334863.0	1709.00	579.10
334865.0	1709.00	580.00
334867.0	1708.50	578.90
334869.0	1708.20	578.90
334871.0	1708.40	579.20
334873.0	1708.70	580.20
334875.0	1708.20	580.30
334877.0	1708.00	580.30
334879.0	1707.90	580.70
334881.0	1707.50	580.80
334883.0	1708.30	581.00
334885.0	1708.40	581.60
334887.0	1708.90	581.70
334889.0	1709.10	582.10
334891.0	1709.30	582.10
334893.0	1709.30	581.90
334895.0	1709.50	579.50
334897.0	1709.50	579.80
334899.0	1709.40	580.50
334901.0	1709.50	580.40
334903.0	1709.50	580.20
334905.0	1709.20	580.20
334907.0	1709.90	581.40
334909.0	1710.80	581.40
334911.0	1710.50	581.80
334913.0	1710.00	582.00
334915.0	1710.00	582.70
334917.0	1709.90	581.70
334919.0	1709.90	581.40
334921.0	1709.00	581.40
334923.0	1709.30	580.50
334925.0	1708.90	580.10
334927.0	1708.50	580.30
334929.0	1708.00	580.50
334931.0	1707.50	580.80
334933.0	1707.90	580.70
334935.0	1708.20	580.60
334937.0	1708.00	580.50
334939.0	1707.80	582.20
334941.0	1706.90	582.50
334943.0	1706.40	582.30
334945.0	1706.30	582.10
334947.0	1705.70	582.40
334949.0	1705.10	582.70
334951.0	1705.00	583.10
334953.0	1704.60	583.10
334955.0	1703.80	583.00
334957.0	1703.80	583.10
334959.0	1704.40	582.50
334961.0	1703.00	582.80
334963.0	1703.80	582.80
334965.0	1703.70	583.80
334967.0	1703.90	582.90
334969.0	1703.70	582.00
334971.0	1703.80	583.10
334973.0	1704.80	582.70
334975.0	1704.30	582.70
334977.0	1704.30	582.60
334979.0	1704.60	582.00
334981.0	1704.80	580.70
334983.0	1705.50	579.20
334985.0	1706.00	578.90
334987.0	1705.90	578.80
334989.0	1705.80	577.80
334991.0	1706.10	577.30
334993.0	1706.80	577.70
334995.0	1706.60	577.90
334997.0	1706.50	577.10
334999.0	1705.80	577.10
335001.0	1705.50	577.40
335003.0	1705.60	577.40
335005.0	1706.00	577.30
335007.0	1705.80	577.30
335009.0	1705.80	577.30
335011.0	1705.90	575.90
335013.0	1706.10	575.70
335015.0	1706.40	576.00
335017.0	1706.20	576.30
335019.0	1705.80	576.40
335021.0	1705.70	577.30
335023.0	1705.70	577.90
335025.0	1706.00	577.50
335027.0	1705.20	578.90
335029.0	1705.00	579.40
335031.0	1705.60	579.30
335033.0	1705.40	579.80
335035.0	1705.30	580.30
335037.0	1705.40	580.40
335039.0	1704.30	579.00
335041.0	1703.70	581.10
335043.0	1704.30	579.40
335045.0	1704.40	580.30
335047.0	1704.70	581.00
335049.0	1704.70	581.90
335051.0	1703.80	580.60
335053.0	1702.90	580.00
335055.0	1702.80	580.50
335057.0	1702.70	580.70
335059.0	1702.60	580.20
335061.0	1702.80	580.90
335063.0	1702.80	581.30
335065.0	1702.70	581.30
335067.0	1702.40	580.30
335069.0	1702.60	580.50
335071.0	1702.70	580.40
335073.0	1702.60	580.70
335075.0	1702.60	580.70
335077.0	1702.10	579.80
335079.0	1701.50	578.90
335081.0	1701.60	578.80
335083.0	1701.30	578.70
335085.0	1701.30	579.10
335087.0	1701.20	580.10
335089.0	1701.10	579.90
335091.0	1700.90	579.40
335093.0	1701.20	579.90
335095.0	1700.90	580.50
335097.0	1699.90	580.70
335099.0	1699.70	580.80
335101.0	1699.90	580.60
335103.0	1700.80	579.70
335105.0	1703.30	578.30
335107.0	1696.90	580.80
335109.0	1680.90	587.30
335111.0	1657.40	588.70
335113.0	1620.80	594.30
335115.0	1575.60	601.70
335117.0	1524.00	610.40
335119.0	1473.90	610.20
335121.0	1424.70	607.60
335123.0	1382.50	602.50
335125.0	1337.50	599.10
335127.0	1299.80	597.20
335129.0	1265.00	598.10
335131.0	1235.10	595.90
335133.0	1212.00	597.30
335135.0	1189.80	598.20
335137.0	1172.50	600.40
335139.0	1155.50	600.00
335141.0	1134.90	598.30
335143.0	1120.70	596.00
335145.0	1107.10	592.40
335147.0	1102.40	586.50
335149.0	1103.00	581.10
335151.0	1105.20	580.40
335153.0	1109.10	579.30
335155.0	1112.30	580.20
335157.0	1114.40	582.40
335159.0	1113.00	582.30
335161.0	1111.60	583.00
335163.0	1108.10	584.10
335165.0	1107.00	585.10
335167.0	1107.00	586.60
335169.0	1107.10	586.50
335171.0	1105.70	586.40
335173.0	1106.10	586.00
335175.0	1106.20	586.40
335177.0	1106.90	586.60
335179.0	1107.00	586.40
335181.0	1106.80	586.20
335183.0	1107.20	586.10
335185.0	1109.40	586.30
335187.0	1110.30	586.80
335189.0	1110.20	587.00
335191.0	1109.70	587.10
335193.0	1109.70	587.80
335195.0	1110.00	587.70
335197.0	1110.10	587.70
335199.0	1110.50	587.10
335201.0	1110.70	587.80
335203.0	1109.90	586.90
335205.0	1110.00	588.40
335207.0	1110.00	588.40
335209.0	1109.80	588.70
335211.0	1109.80	589.20
335213.0	1109.60	589.40
335215.0	1109.60	589.30
335217.0	1108.40	588.70
335219.0	1107.50	588.30
335221.0	1107.30	588.10
335223.0	1107.30	588.30
335225.0	1106.20	588.90
335227.0	1105.20	588.90
335229.0	1105.90	590.00
335231.0	1106.20	590.20
335233.0	1106.00	589.40
335235.0	1106.10	590.30
335237.0	1106.20	592.20
335239.0	1107.80	591.90
335241.0	1107.90	591.90
335243.0	1107.40	591.60
335245.0	1107.60	591.50
335247.0	1109.20	591.40
335249.0	1109.50	591.70
335251.0	1109.50	593.00
335253.0	1109.10	591.20
335255.0	1108.60	591.40
335257.0	1108.40	591.40
335259.0	1108.00	591.40
335261.0	1108.00	592.10
335263.0	1107.90	592.40
335265.0	1108.80	591.90
335267.0	1109.30	592.10
335269.0	1108.90	592.60
335271.0	1108.80	593.50
335273.0	1108.20	594.50
335275.0	1108.10	592.30
335277.0	1109.20	592.20
335279.0	1109.70	592.20
335281.0	1109.70	592.20
335283.0	1109.40	591.80
335285.0	1109.40	591.50
335287.0	1108.90	593.10
335289.0	1109.10	593.10
335291.0	1109.20	592.80
335293.0	1109.10	591.50
335295.0	1109.50	593.30
335297.0	1110.50	593.60
335299.0	1110.40	593.80
335301.0	1109.80	593.80
335303.0	1109.20	593.80
335305.0	1108.70	593.50
335307.0	1109.60	593.90
335309.0	1109.50	594.30
335311.0	1110.40	594.20
335313.0	1110.30	594.50
335315.0	1109.90	595.60
335317.0	1110.40	595.40
335319.0	1110.70	594.20
335321.0	1109.60	593.50
335323.0	1110.00	593.90
335325.0	1109.20	594.60
335327.0	1108.90	594.70
335329.0	1108.70	594.20
335331.0	1108.90	592.50
335333.0	1109.90	591.40
335335.0	1108.70	590.10
335337.0	1108.60	589.70
335339.0	1108.60	588.70
335341.0	1108.60	588.50
335343.0	1108.70	587.50
335345.0	1108.80	586.40
335347.0	1108.30	585.50
335349.0	1108.10	585.00
335351.0	1108.10	584.50
335353.0	1108.10	584.00
335355.0	1107.90	584.80
335357.0	1108.70	585.60
335359.0	1109.60	586.30
335361.0	1108.70	585.00
335363.0	1108.30	584.50
335365.0	1108.90	585.80
335367.0	1108.70	585.90
335369.0	1108.90	585.40
335371.0	1109.20	585.10
335373.0	1109.30	585.20
335375.0	1109.60	585.20
335377.0	1108.70	585.00
335379.0	1109.60	585.10
335381.0	1109.40	584.90
335383.0	1108.80	584.70
335385.0	1108.60	584.20
335387.0	1108.30	587.20
335389.0	1108.40	585.20
335391.0	1108.90	585.10
335393.0	1108.50	586.00
335395.0	1108.00	586.30
335397.0	1108.60	586.30
335399.0	1108.80	586.00
335401.0	1108.90	586.60
335403.0	1109.70	587.70
335405.0	1110.50	588.10
335407.0	1110.60	588.00
335409.0	1110.20	587.40
335411.0	1110.20	588.20
335413.0	1110.40	588.70
335415.0	1109.80	588.50
335417.0	1109.90	588.30
335419.0	1109.70	588.10
335421.0	1109.60	587.90
335423.0	1110.00	587.70
335425.0	1110.50	588.00
335427.0	1110.30	587.90
335429.0	1110.20	588.60
335431.0	1109.80	589.10
335433.0	1109.60	587.80
335435.0	1109.80	588.80
335437.0	1111.20	588.90
335439.0	1111.50	588.70
335441.0	1110.30	589.00
335443.0	1110.20	589.60
335445.0	1109.40	589.60
335447.0	1109.40	590.00
335449.0	1109.70	589.80
335451.0	1109.60	590.40
335453.0	1109.30	590.80
335455.0	1108.90	591.00
335457.0	1109.10	591.90
335459.0	1109.10	592.00
335461.0	1109.10	592.20
335463.0	1109.90	592.20
335465.0	1109.50	591.60
335467.0	1109.70	591.00
335469.0	1109.60	590.70
335471.0	1109.60	592.60
335473.0	1109.50	591.70
335475.0	1109.30	591.00
335477.0	1108.30	591.80
335479.0	1108.60	592.00
335481.0	1109.20	591.90
335483.0	1109.10	591.20
335485.0	1107.90	591.60
335487.0	1108.60	590.80
335489.0	1107.60	589.50
335491.0	1107.80	589.90
335493.0	1107.90	590.40
335495.0	1107.60	590.10
335497.0	1107.70	590.20
335499.0	1108.20	590.20
335501.0	1109.30	590.00
335503.0	1107.40	586.50
335505.0	1104.10	586.50
335507.0	1091.70	590.30
335509.0	1078.20	599.80
335511.0	1050.10	608.70
335513.0	1032.40	618.50
335515.0	1017.90	623.90
335517.0	1015.80	626.20
335519.0	1021.10	628.40
335521.0	1030.40	630.40
335523.0	1040.20	631.70
335525.0	1045.80	631.60
335527.0	1046.50	630.80
335529.0	1045.80	631.00
335531.0	1044.30	630.30
335533.0	1041.20	627.90
335535.0	1038.90	627.50
335537.0	1037.70	627.40
335539.0	1037.60	628.10
335541.0	1037.10	628.40
335543.0	1036.90	628.10
335545.0	1037.20	627.40
335547.0	1037.30	627.90
335549.0	1036.80	627.90
335551.0	1036.20	627.10
335553.0	1037.30	626.90
335555.0	1037.80	627.90
335557.0	1037.10	628.20
335559.0	1036.80	628.70
335561.0	1036.90	629.40
335563.0	1037.60	629.80
335565.0	1036.70	629.30
335567.0	1036.60	629.20
335569.0	1036.80	629.30
335571.0	1037.00	629.10
335573.0	1036.00	629.20
335575.0	1035.40	629.30
335577.0	1035.50	629.00
335579.0	1036.10	628.80
335581.0	1036.60	629.00
335583.0	1036.70	628.80
335585.0	1036.30	628.50
335587.0	1035.80	628.90
335589.0	1035.80	627.60
335591.0	1034.20	627.60
335593.0	1036.60	628.10
335595.0	1035.90	628.80
335597.0	1035.40	628.60
335599.0	1034.60	628.20
335601.0	1034.10	626.80
335603.0	1034.60	626.90
335605.0	1034.40	627.00
335607.0	1034.70	627.40
335609.0	1034.60	628.90
335611.0	1034.80	627.80
335613.0	1034.90	628.20
335615.0	1034.90	628.30
335617.0	1034.60	629.40
335619.0	1034.80	629.60
335621.0	1034.70	630.40
335623.0	1033.40	630.70
335625.0	1032.70	630.40
335627.0	1033.20	631.10
335629.0	1033.10	631.30
335631.0	1033.40	631.50
335633.0	1033.60	632.20
335635.0	1033.40	630.20
335637.0	1033.90	630.20
335639.0	1032.60	629.90
335641.0	1033.70	631.60
335643.0	1033.70	630.90
335645.0	1034.20	630.10
335647.0	1034.20	630.30
335649.0	1033.80	630.20
335651.0	1033.80	629.90
335653.0	1034.00	630.20
335655.0	1034.00	630.60
335657.0	1033.90	630.80
335659.0	1033.90	629.80
335661.0	1033.80	630.10
335663.0	1034.20	629.90
335665.0	1034.60	629.40
335667.0	1034.50	629.20
335669.0	1033.00	628.70
335671.0	1031.50	628.90
335673.0	1032.10	628.30
335675.0	1032.30	627.60
335677.0	1033.40	627.60
335679.0	1034.10	627.20
335681.0	1033.90	627.20
335683.0	1032.80	627.20
335685.0	1032.30	629.00
335687.0	1032.90	628.80
335689.0	1033.20	629.00
335691.0	1032.70	628.00
335693.0	1032.20	628.00
335695.0	1032.70	628.10
335697.0	1032.30	630.00
335699.0	1032.70	630.00
335701.0	1032.40	628.50
335703.0	1032.40	628.40
335705.0	1032.20	628.80
335707.0	1032.40	629.10
335709.0	1032.70	629.90
335711.0	1032.50	630.40
335713.0	1032.30	629.70
335715.0	1032.00	629.50
335717.0	1031.70	629.50
335719.0	1031.90	629.40
335721.0	1031.90	629.50
335723.0	1030.80	629.20
335725.0	1031.10	629.20
335727.0	1032.90	629.70
335729.0	1033.00	629.60
335731.0	1032.90	629.80
335733.0	1032.80	630.00
335735.0	1033.60	630.00
335737.0	1033.20	629.50
335739.0	1032.00	628.60
335741.0	1032.20	628.60
335743.0	1032.10	628.60
335745.0	1031.40	628.30
335747.0	1031.40	628.60
335749.0	1032.90	629.60
335751.0	1032.80	628.20
335753.0	1031.70	627.60
335755.0	1031.10	627.80
335757.0	1032.10	627.60
335759.0	1031.70	627.50
335761.0	1030.80	627.30
335763.0	1030.90	626.10
335765.0	1031.10	626.80
335767.0	1030.00	626.90
335769.0	1030.30	625.70
335771.0	1030.60	624.70
335773.0	1030.50	623.90
335775.0	1030.70	623.50
335777.0	1030.70	624.90
335779.0	1029.50	625.70
335781.0	1029.70	625.90
335783.0	1029.80	625.40
335785.0	1029.40	624.80
335787.0	1029.60	624.70
335789.0	1029.70	624.50
335791.0	1029.80	624.80
335793.0	1030.50	625.10
335795.0	1030.20	625.20
335797.0	1029.60	624.80
335799.0	1029.50	623.90
335801.0	1029.20	623.70
335803.0	1028.80	624.10
335805.0	1028.90	624.70
335807.0	1029.10	624.60
335809.0	1029.90	624.40
335811.0	1028.20	624.60
335813.0	1028.70	624.30
335815.0	1029.30	624.20
335817.0	1029.30	623.80
335819.0	1028.10	623.80
335821.0	1028.10	623.80
335823.0	1028.30	623.50
335825.0	1028.30	624.00
335827.0	1028.20	624.50
335829.0	1028.10	624.60
335831.0	1027.90	623.90
335833.0	1028.00	622.90
335835.0	1030.10	624.40
335837.0	1029.30	625.40
335839.0	1029.60	626.30
335841.0	1028.30	626.40
335843.0	1028.50	626.60
335845.0	1029.70	626.60
335847.0	1028.60	626.40
335849.0	1028.60	627.10
335851.0	1030.60	627.80
335853.0	1028.50	628.00
335855.0	1028.10	627.70
335857.0	1028.40	627.30
335859.0	1029.00	626.40
335861.0	1028.20	625.30
335863.0	1028.10	625.90
335865.0	1028.20	626.00
335867.0	1028.10	626.80
335869.0	1028.00	627.60
335871.0	1028.20	627.70
335873.0	1028.40	627.80
335875.0	1028.40	627.70
335877.0	1028.80	627.40
335879.0	1028.70	626.90
335881.0	1028.40	625.00
335883.0	1028.70	626.20
335885.0	1028.80	626.30
335887.0	1028.90	626.50
335889.0	1029.30	626.50
335891.0	1029.70	627.30
335893.0	1029.80	627.00
335895.0	1029.70	626.20
335897.0	1029.40	625.70
335899.0	1029.40	625.90
335901.0	1028.60	625.40
335903.0	1029.20	625.60
335905.0	1028.90	626.50
335907.0	1029.10	626.20
335909.0	1028.80	626.10
335911.0	1028.80	626.10
335913.0	1028.90	625.60
335915.0	1029.40	625.70
335917.0	1029.70	626.50
335919.0	1029.80	626.70
335921.0	1030.60	627.20
335923.0	1028.90	625.80
335925.0	1028.40	625.80
335927.0	1029.10	624.60
335929.0	1029.70	624.50
335931.0	1030.30	624.60
335933.0	1030.50	624.60
335935.0	1030.80	625.10
335937.0	1031.40	625.40
335939.0	1031.30	625.40
335941.0	1030.30	625.40
335943.0	1029.70	624.70
335945.0	1029.50	625.10
335947.0	1028.90	624.70
335949.0	1028.10	624.10
335951.0	1028.70	623.30
335953.0	1027.90	623.30
335955.0	1027.10	623.20
335957.0	1027.70	623.10
335959.0	1027.60	622.60
335961.0	1027.10	622.40
335963.0	1027.40	622.90
335965.0	1027.50	622.50
335967.0	1028.10	622.50
335969.0	1027.00	622.70
335971.0	1026.90	623.30
335973.0	1026.90	622.80
335975.0	1026.70	623.30
335977.0	1026.10	622.20
335979.0	1026.00	620.90
335981.0	1026.30	621.00
335983.0	1026.10	621.20
335985.0	1026.00	621.90
335987.0	1026.10	622.90
335989.0	1034.70	625.10
335991.0	1049.80	624.70
335993.0	1078.40	624.20
335995.0	1113.50	622.90
335997.0	1161.70	620.80
335999.0	1210.10	617.10
336001.0	1260.40	612.40
336003.0	1309.90	614.80
336005.0	1355.10	612.40
336007.0	1397.70	611.90
336009.0	1434.90	611.80
336011.0	1469.80	609.80
336013.0	1499.70	611.60
336015.0	1531.80	606.70
336017.0	1569.10	597.90
336019.0	1605.40	591.00
336021.0	1642.50	586.70
336023.0	1672.20	586.10
336025.0	1695.00	583.80
336027.0	1710.50	581.50
336029.0	1717.80	580.60
336031.0	1716.50	579.40
336033.0	1705.80	580.20
336035.0	1697.20	580.10
336037.0	1691.00	580.00
336039.0	1692.00	581.30
336041.0	1695.80	582.00
336043.0	1698.30	584.10
336045.0	1702.40	583.80
336047.0	1704.50	585.00
336049.0	1705.20	586.50
336051.0	1705.30	587.30
336053.0	1705.40	588.30
336055.0	1705.40	586.70
336057.0	1705.40	586.30
336059.0	1705.00	584.20
336061.0	1704.60	584.40
336063.0	1703.90	584.20
336065.0	1703.70	582.00
336067.0	1705.20	581.00
336069.0	1705.30	580.90
336071.0	1705.30	580.80
336073.0	1705.30	581.40
336075.0	1705.40	582.10
336077.0	1705.50	580.90
336079.0	1705.50	580.80
336081.0	1705.30	581.30
336083.0	1705.50	582.10
336085.0	1706.40	581.80
336087.0	1706.20	583.80
336089.0	1706.10	584.60
336091.0	1706.60	584.40
336093.0	1707.00	583.80
336095.0	1706.80	582.90
336097.0	1707.70	581.80
336099.0	1707.60	581.10
336101.0	1707.70	581.20
336103.0	1707.70	580.90
336105.0	1707.50	580.90
336107.0	1707.40	581.40
336109.0	1707.50	582.20
336111.0	1708.00	580.80
336113.0	1708.10	580.70
336115.0	1707.50	582.30
336117.0	1707.20	583.80
336119.0	1708.70	583.90
336121.0	1708.50	584.60
336123.0	1708.20	585.20
336125.0	1708.00	585.20
336127.0	1708.70	585.10
336129.0	1709.00	585.20
336131.0	1710.20	584.90
336133.0	1710.20	584.80
336135.0	1711.50	584.80
336137.0	1711.50	585.30
336139.0	1711.20	585.70
336141.0	1711.40	585.50
336143.0	1713.10	585.20
336145.0	1711.50	585.50
336147.0	1711.10	585.90
336149.0	1711.30	586.20
336151.0	1711.30	586.30
336153.0	1711.30	586.20
336155.0	1710.60	586.90
336157.0	1710.70	586.90
336159.0	1710.70	586.60
336161.0	1710.60	586.60
336163.0	1711.30	586.50
336165.0	1711.10	588.20
336167.0	1710.10	588.90
336169.0	1709.90	589.40
336171.0	1710.80	589.00
336173.0	1710.90	589.10
336175.0	1710.40	589.30
336177.0	1711.10	589.20
336179.0	1711.70	589.20
336181.0	1712.20	589.10
336183.0	1713.00	588.90
336185.0	1713.00	589.10
336187.0	1712.80	589.10
336189.0	1712.30	589.20
336191.0	1711.50	589.70
336193.0	1710.70	592.00
336195.0	1710.50	592.20
336197.0	1710.70	592.30
336199.0	1710.70	592.70
336201.0	1710.90	593.00
336203.0	1711.20	593.00
336205.0	1711.20	592.00
336207.0	1711.00	592.00
336209.0	1711.70	591.60
336211.0	1711.10	591.30
336213.0	1710.90	591.40
336215.0	1711.20	591.30
336217.0	1712.10	590.90
336219.0	1712.10	590.80
336221.0	1712.10	589.80
336223.0	1712.80	588.90
336225.0	1713.50	589.30
336227.0	1714.50	588.50
336229.0	1715.50	588.10
336231.0	1715.30	587.60
336233.0	1714.80	586.90
336235.0	1713.90	587.10
336237.0	1714.40	587.00
336239.0	1715.00	586.80
336241.0	1714.60	587.00
336243.0	1714.60	587.00
336245.0	1715.30	585.00
336247.0	1716.40	584.10
336249.0	1715.50	584.80
336251.0	1714.90	585.00
336253.0	1715.30	585.00
336255.0	1715.70	585.20
336257.0	1716.00	585.90
336259.0	1715.70	585.80
336261.0	1715.60	585.30
336263.0	1715.90	585.30
336265.0	1715.80	585.70
336267.0	1715.60	585.70
336269.0	1715.90	585.40
336271.0	1716.40	585.40
336273.0	1716.80	585.60
336275.0	1717.70	585.40
336277.0	1718.30	585.20
336279.0	1718.30	584.80
336281.0	1718.20	584.50
336283.0	1718.60	585.60
336285.0	1717.40	585.80
336287.0	1717.80	585.70
336289.0	1718.40	585.90
336291.0	1718.40	586.10
336293.0	1718.50	587.20
336295.0	1718.30	587.20
336297.0	1718.30	587.00
336299.0	1718.80	587.50
336301.0	1718.20	587.50
336303.0	1717.40	587.70
336305.0	1717.30	587.90
336307.0	1717.80	588.40
336309.0	1718.00	589.20
336311.0	1718.50	589.80
336313.0	1718.10	588.20
336315.0	1718.30	588.30
336317.0	1719.10	588.20
336319.0	1719.30	587.70
336321.0	1719.10	587.40
336323.0	1718.80	586.80
336325.0	1718.80	587.50
336327.0	1718.80	587.70
336329.0	1719.80	587.90
336331.0	1719.60	589.30
336333.0	1719.50	589.60
336335.0	1718.40	589.80
336337.0	1717.80	589.90
336339.0	1717.80	590.10
336341.0	1718.00	590.10
336343.0	1718.20	589.80
336345.0	1718.20	589.70
336347.0	1718.10	590.10
336349.0	1717.60	590.30
336351.0	1718.60	591.50
336353.0	1718.70	592.20
336355.0	1718.10	592.70
336357.0	1717.20	593.40
336359.0	1716.30	594.60
336361.0	1717.00	594.60
336363.0	1717.50	594.20
336365.0	1717.10	594.40
336367.0	1718.20	594.30
336369.0	1718.10	594.90
336371.0	1718.10	595.00
336373.0	1719.10	594.70
336375.0	1719.00	595.10
336377.0	1718.80	596.80
336379.0	1718.80	597.10
336381.0	1718.80	596.90
336383.0	1718.80	597.00
336385.0	1718.70	595.80
336387.0	1718.80	595.30
336389.0	1719.50	595.00
336391.0	1719.50	595.10
336393.0	1718.70	595.40
336395.0	1717.70	595.70
336397.0	1717.80	596.20
336399.0	1718.80	594.50
336401.0	1717.70	595.20
336403.0	1717.70	596.90
336405.0	1717.80	596.30
336407.0	1718.20	596.00
336409.0	1718.20	596.70
336411.0	1718.80	596.90
336413.0	1719.70	596.80
336415.0	1719.80	596.90
336417.0	1719.90	596.90
336419.0	1720.00	595.90
336421.0	1720.00	595.90
336423.0	1720.70	596.10
336425.0	1720.30	596.00
336427.0	1720.70	595.60
336429.0	1720.60	596.30
336431.0	1721.50	597.20
336433.0	1720.80	597.30
336435.0	1720.90	597.10
336437.0	1720.50	596.90
336439.0	1720.50	597.10
336441.0	1720.60	596.70
336443.0	1721.20	597.20
336445.0	1721.70	597.10
336447.0	1720.40	597.60
336449.0	1720.00	597.90
336451.0	1720.50	599.90
336453.0	1721.30	598.00
336455.0	1721.20	597.90
336457.0	1721.10	598.40
336459.0	1721.00	599.00
336461.0	1721.70	599.20
336463.0	1721.00	599.50
336465.0	1720.80	599.60
336467.0	1721.60	600.00
336469.0	1721.40	599.10
336471.0	1721.40	598.70
336473.0	1722.20	598.30
336475.0	1721.90	598.70
336477.0	1722.80	598.60
336479.0	1722.00	600.30
336481.0	1721.90	600.70
336483.0	1724.30	599.20
336485.0	1724.00	600.00
336487.0	1723.00	600.60
336489.0	1723.00	601.30
336491.0	1723.20	600.30
336493.0	1723.20	598.80
336495.0	1723.00	598.10
336497.0	1723.00	597.80
336499.0	1723.40	597.40
336501.0	1723.60	596.60
336503.0	1723.70	598.00
336505.0	1724.60	598.20
336507.0	1724.50	598.60
336509.0	1723.90	599.30
336511.0	1723.60	599.30
336513.0	1723.90	597.80
336515.0	1723.80	597.20
336517.0	1723.50	600.00
336519.0	1722.50	598.70
336521.0	1722.00	599.10
336523.0	1721.30	599.70
336525.0	1721.10	600.50
336527.0	1720.70	601.80
336529.0	1721.40	601.90
336531.0	1722.10	602.30
336533.0	1722.30	602.50
336535.0	1722.50	602.70
336537.0	1723.20	602.70
336539.0	1723.60	603.20
336541.0	1723.60	603.20
336543.0	1724.50	602.80
336545.0	1725.50	601.70
336547.0	1726.10	600.70
336549.0	1726.00	600.80
336551.0	1725.50	601.60
336553.0	1725.90	602.50
336555.0	1726.30	601.40
336557.0	1725.60	600.40
336559.0	1725.50	600.30
336561.0	1725.30	600.10
336563.0	1725.60	601.40
336565.0	1725.90	600.70
336567.0	1725.90	600.60
336569.0	1725.70	600.20
336571.0	1725.40	599.30
336573.0	1725.50	599.40
336575.0	1725.50	599.50
336577.0	1724.40	600.20
336579.0	1724.60	600.40
336581.0	1724.70	600.40
336583.0	1724.60	601.00
336585.0	1723.90	601.20
336587.0	1723.70	601.40
336589.0	1724.10	602.10
336591.0	1724.20	601.60
336593.0	1723.30	601.30
336595.0	1723.60	601.40
336597.0	1724.00	601.70
336599.0	1723.70	601.60
336601.0	1724.70	601.20
336603.0	1725.30	601.70
336605.0	1725.50	602.50
336607.0	1725.50	602.70
336609.0	1725.80	602.50
336611.0	1725.90	601.30
336613.0	1726.00	601.40
336615.0	1725.80	601.40
336617.0	1726.00	599.90
336619.0	1725.90	599.60
336621.0	1726.40	599.30
336623.0	1726.40	599.20
336625.0	1726.40	599.10
336627.0	1727.50	599.20
336629.0	1727.50	599.30
336631.0	1725.20	598.70
336633.0	1726.40	598.20
336635.0	1726.90	598.70
336637.0	1725.90	599.20
336639.0	1726.30	598.80
336641.0	1726.40	598.30
336643.0	1726.40	598.90
336645.0	1725.80	599.60
336647.0	1725.30	600.50
336649.0	1725.50	601.50
336651.0	1726.50	599.90
336653.0	1726.30	599.90
336655.0	1726.40	599.70
336657.0	1727.70	601.10
336659.0	1726.50	601.40
336661.0	1727.10	599.90
336663.0	1727.60	600.60
336665.0	1728.50	600.70
336667.0	1728.40	600.60
336669.0	1728.60	600.50
336671.0	1729.20	601.30
336673.0	1730.10	601.60
336675.0	1730.30	601.70
336677.0	1730.60	601.20
336679.0	1730.60	600.60
336681.0	1731.00	600.20
336683.0	1731.50	601.10
336685.0	1731.90	600.30
